Speed;TurnRate;coordX;coordY;Yaw
0.0;1.0;-2.0;0.0;0.7853981633974483
0.0;1.0;-2.0;0.0;1.0853981633974483
0.5;0.0;-2.0;0.0;1.3853981633974486
0.5;0.0;-1.981566211182617;0.09828629319409769;1.3853981633974486
0.0;1.0;-1.9539155279565428;0.24571573298524424;1.4853981633974487
0.0;1.0;-1.9539155279565428;0.24571573298524424;1.785398163397449
0.0;1.0;-1.9539155279565428;0.24571573298524424;2.085398163397449
0.0;1.0;-1.9539155279565428;0.24571573298524424;2.285398163397449
0.0;1.0;-1.9539155279565428;0.24571573298524424;2.4853981633974493
0.0;1.0;-1.9539155279565428;0.24571573298524424;2.7853981633974496
0.0;1.0;-1.9539155279565428;0.24571573298524424;2.98539816339745
0.5;0.0;-1.9539155279565428;0.24571573298524424;-3.0977871437821363
0.0;1.0;-2.053819597163854;0.24133658285984338;-3.0977871437821363
0.0;1.0;-2.053819597163854;0.24133658285984338;-2.897787143782136
0.0;1.0;-2.053819597163854;0.24133658285984338;-2.4977871437821357
0.0;1.0;-2.053819597163854;0.24133658285984338;-2.2977871437821356
0.0;1.0;-2.053819597163854;0.24133658285984338;-1.9977871437821353
0.5;0.0;-2.0601520856131637;0.191739208029724;-1.697787143782135
0.5;0.0;-2.0728170625117825;0.09254445836948522;-1.697787143782135
0.5;0.0;-2.091814527859711;-0.05624766612087295;-1.697787143782135
0.5;0.0;-2.1108119932076392;-0.20503979061123112;-1.697787143782135
0.5;0.0;-2.123476970106258;-0.3042345402714699;-1.697787143782135
0.5;0.0;-2.1424744354541865;-0.45302666476182807;-1.697787143782135
0.0;-1.0;-2.161471900802115;-0.6018187892521862;-1.697787143782135
0.5;0.0;-2.161471900802115;-0.6018187892521862;-1.797787143782135
0.5;0.0;-2.2096511134533925;-0.7438707637837042;-1.8977871437821352
0.5;0.0;-2.25783032610467;-0.8859227383152222;-1.8977871437821352
0.5;0.0;-2.306009538755948;-1.02797471284674;-1.8977871437821352
0.5;0.0;-2.3381290138567996;-1.1226760292010851;-1.8977871437821352
0.0;-1.0;-2.3702484889576514;-1.2173773455554302;-1.8977871437821352
0.5;0.0;-2.3702484889576514;-1.2173773455554302;-2.1977871437821355
0.5;0.0;-2.4582550776909646;-1.3388468492982446;-2.1977871437821355
0.5;0.0;-2.546261666424278;-1.460316353041059;-2.1977871437821355
0.5;0.0;-2.634268255157591;-1.5817858567838734;-2.1977871437821355
0.5;0.0;-2.6929393143131333;-1.6627655259457497;-2.1977871437821355
0.0;-1.0;-2.7809459030464465;-1.784235029688564;-2.1977871437821355
0.5;0.0;-2.7809459030464465;-1.784235029688564;-2.597787143782136
0.0;-1.0;-2.8237331993418096;-1.8101048436757734;-2.597787143782136
0.5;0.0;-2.9093077919325356;-1.861844471650192;-2.797787143782136
0.5;0.0;-3.006350428328095;-1.8859842049005666;-2.897787143782136
0.5;0.0;-3.1033930647236545;-1.9101239381509412;-2.897787143782136
0.5;0.0;-3.2489570193169937;-1.946333538026503;-2.897787143782136
0.0;-1.0;-3.2974783375147734;-1.9584034046516903;-2.897787143782136
0.5;0.0;-3.394520973910333;-1.9825431379020648;-2.997787143782136
0.5;0.0;-3.5429726431160384;-2.0040396936736227;-2.997787143782136
0.0;1.0;-3.641940422586509;-2.0183707308546617;-2.997787143782136
0.5;0.0;-3.641940422586509;-2.0183707308546617;-2.697787143782136
0.5;0.0;-3.732252842492973;-2.061308672242651;-2.697787143782136
0.5;0.0;-3.8677214723526694;-2.1257155843246345;-2.697787143782136
0.5;0.0;-4.003190102212366;-2.190122496406618;-2.697787143782136
0.5;0.0;-4.183814942025294;-2.2759983791825964;-2.697787143782136
0.5;0.0;-4.364439781838223;-2.3618742619585746;-2.697787143782136
0.5;0.0;-4.454752201744687;-2.4048122033465638;-2.697787143782136
0.5;0.0;-4.590220831604383;-2.4692191154285474;-2.697787143782136
0.0;-1.0;-4.725689461464079;-2.533626027510531;-2.697787143782136
0.5;0.0;-4.725689461464079;-2.533626027510531;-2.997787143782136
0.5;0.0;-4.82465724093455;-2.54795706469157;-2.997787143782136
0.5;0.0;-5.022592799875491;-2.576619139053648;-2.997787143782136
0.5;0.0;-5.171044469081196;-2.5981156948252067;-2.997787143782136
0.0;-1.0;-5.270012248551667;-2.6124467320062457;-2.997787143782136
0.0;-1.0;-5.270012248551667;-2.6124467320062457;2.98539816339745
0.0;-1.0;-5.270012248551667;-2.6124467320062457;2.7853981633974496
0.0;-1.0;-5.270012248551667;-2.6124467320062457;2.4853981633974493
0.5;0.0;-5.270012248551667;-2.6124467320062457;2.285398163397449
0.5;0.0;-5.335543919976259;-2.5369113095853755;2.285398163397449
0.5;0.0;-5.4010755914008515;-2.4613758871645053;2.285398163397449
0.5;0.0;-5.49937309853774;-2.3480727535332;2.285398163397449
0.5;0.0;-5.564904769962332;-2.27253733111233;2.285398163397449
0.0;1.0;-5.630436441386925;-2.1970019086914596;2.285398163397449
0.5;0.0;-5.630436441386925;-2.1970019086914596;2.5853981633974494
0.5;0.0;-5.7578270022109805;-2.117808190424586;2.5853981633974494
0.5;0.0;-5.842754042760351;-2.0650123782466703;2.5853981633974494
0.0;1.0;-5.970144603584407;-1.985818659979797;2.5853981633974494
0.0;1.0;-5.970144603584407;-1.985818659979797;2.7853981633974496
0.5;0.0;-5.970144603584407;-1.985818659979797;3.08539816339745
0.5;0.0;-6.119907829347198;-1.9773939220536936;3.08539816339745
0.0;1.0;-6.219749979855725;-1.971777430102958;3.08539816339745
0.5;0.0;-6.219749979855725;-1.971777430102958;-2.997787143782136
0.5;0.0;-6.318717759326195;-1.9861084672839966;-2.997787143782136
0.0;1.0;-6.417685538796666;-2.000439504465035;-2.997787143782136
0.5;0.0;-6.417685538796666;-2.000439504465035;-2.697787143782136
0.5;0.0;-6.553154168656362;-2.064846416547019;-2.697787143782136
0.5;0.0;-6.643466588562826;-2.107784357935008;-2.697787143782136
0.5;0.0;-6.7789352184225224;-2.1721912700169916;-2.697787143782136
0.5;0.0;-6.914403848282219;-2.2365981820989753;-2.697787143782136
0.0;-1.0;-7.004716268188683;-2.2795361234869644;-2.697787143782136
0.0;-1.0;-7.004716268188683;-2.2795361234869644;-2.897787143782136
0.5;0.0;-7.004716268188683;-2.2795361234869644;-3.0977871437821363
0.5;0.0;-7.1046203373959935;-2.2839152736123656;-3.0977871437821363
0.5;0.0;-7.154572371999649;-2.286104848675066;-3.0977871437821363
0.5;0.0;-7.35438051041427;-2.2948631489258684;-3.0977871437821363
0.5;0.0;-7.45428457962158;-2.2992422990512695;-3.0977871437821363
0.0;1.0;-7.604140683432546;-2.3058110242393712;-3.0977871437821363
0.5;0.0;-7.604140683432546;-2.3058110242393712;-2.897787143782136
0.5;0.0;-7.749704638025886;-2.3420206241149337;-2.897787143782136
0.0;-1.0;-7.846747274421446;-2.3661603573653087;-2.897787143782136
0.0;1.0;-7.846747274421446;-2.3661603573653087;-3.0977871437821363
0.0;1.0;-7.846747274421446;-2.3661603573653087;-2.897787143782136
0.5;0.0;-7.846747274421446;-2.3661603573653087;-2.697787143782136
0.5;0.0;-7.93705969432791;-2.409098298753298;-2.697787143782136
0.5;0.0;-8.027372114234375;-2.452036240141287;-2.697787143782136
0.0;1.0;-8.162840744094071;-2.5164431522232706;-2.697787143782136
0.0;1.0;-8.162840744094071;-2.5164431522232706;-2.2977871437821356
