Speed;TurnRate;coordX;coordY;Yaw
0.0;1.0;4.446392089613842;-8.158710891078842;-1.414601836602552
0.0;1.0;4.446392089613842;-8.158710891078842;-1.2146018366025517
0.0;1.0;4.446392089613842;-8.158710891078842;-0.8146018366025516
0.0;1.0;4.446392089613842;-8.158710891078842;-0.4146018366025517
0.0;1.0;4.446392089613842;-8.158710891078842;-0.014601836602551682
0.0;1.0;4.446392089613842;-8.158710891078842;0.28539816339744833
0.0;1.0;4.446392089613842;-8.158710891078842;0.5853981633974483
0.5;0.0;4.446392089613842;-8.158710891078842;0.9853981633974482
0.5;0.0;4.556898348051214;-7.992012460233881;0.9853981633974482
0.0;1.0;4.639778041879243;-7.8669886371001585;1.0853981633974483
0.0;1.0;4.639778041879243;-7.8669886371001585;1.3853981633974486
0.5;0.0;4.628342927292627;-7.767644597750074;1.6853981633974489
0.0;1.0;4.611190255412702;-7.6186285387249475;1.885398163397449
0.5;0.0;4.611190255412702;-7.6186285387249475;2.185398163397449
0.5;0.0;4.495863601958775;-7.4552279175415554;2.185398163397449
0.5;0.0;4.40936861186833;-7.332677451654011;2.185398163397449
0.5;0.0;4.265210295050921;-7.128426675174771;2.185398163397449
0.0;-1.0;4.178715304960476;-7.005876209287227;2.185398163397449
0.5;0.0;4.163243411242333;-6.95833022623109;1.8853981633974488
0.5;0.0;4.070412048933476;-6.673054327894266;1.8853981633974488
0.0;-1.0;4.023996367779048;-6.530416378725854;1.7853981633974487
0.0;-1.0;4.023996367779048;-6.530416378725854;1.4853981633974485
0.5;0.0;4.023996367779048;-6.530416378725854;1.085398163397448
0.5;0.0;4.117308481312604;-6.353518528349146;1.085398163397448
0.5;0.0;4.187292566462772;-6.220845140566615;1.085398163397448
0.0;-1.0;4.25727665161294;-6.088171752784084;1.085398163397448
0.5;0.0;4.327987329731594;-6.017461074665429;0.7853981633974482
0.5;0.0;4.434053346909576;-5.911395057487447;0.7853981633974482
0.5;0.0;4.504764025028231;-5.840684379368793;0.7853981633974482
0.5;0.0;4.575474703146885;-5.769973701250138;0.7853981633974482
0.0;-1.0;4.681540720324867;-5.663907684072156;0.6853981633974482
0.5;0.0;4.727873161590404;-5.645111277863107;0.38539816339744826
0.5;0.0;4.91320292665255;-5.569925653026909;0.38539816339744826
0.5;0.0;5.098532691714697;-5.49474002819071;0.38539816339744826
0.0;-1.0;5.2375300155113065;-5.438350809563562;0.2853981633974483
0.5;0.0;5.287347805129931;-5.434086089465546;0.08539816339744827
0.5;0.0;5.436801173985805;-5.421291929171498;0.08539816339744827
0.5;0.0;5.586254542841679;-5.40849776887745;0.08539816339744827
0.5;0.0;5.785525701316178;-5.3914388884853865;0.08539816339744827
0.5;0.0;5.934979070172052;-5.378644728191339;0.08539816339744827
0.0;-1.0;6.0844324390279265;-5.365850567897291;-0.014601836602551738
0.5;0.0;6.0844324390279265;-5.365850567897291;-0.31460183660255175
0.5;0.0;6.3697083373647505;-5.458681930206148;-0.31460183660255175
0.5;0.0;6.5123462865331625;-5.5050976113605765;-0.31460183660255175
0.5;0.0;6.702530218757712;-5.566985186233148;-0.31460183660255175
0.5;0.0;6.892714150982261;-5.628872761105719;-0.31460183660255175
0.5;0.0;7.035352100150673;-5.675288442260148;-0.31460183660255175
0.5;0.0;7.27308201543136;-5.752647910850862;-0.31460183660255175
0.5;0.0;7.463265947655909;-5.814535485723433;-0.31460183660255175
0.0;-1.0;7.605903896824321;-5.860951166877862;-0.31460183660255175
0.5;0.0;7.646754052120169;-5.8897828302413435;-0.6146018366025517
0.5;0.0;7.810154673303561;-6.0051094836952705;-0.6146018366025517
0.5;0.0;7.973555294486953;-6.1204361371491975;-0.6146018366025517
0.5;0.0;8.096105760374497;-6.206931127239643;-0.6146018366025517
0.5;0.0;8.25950638155789;-6.32225778069357;-0.6146018366025517
0.0;1.0;8.382056847445433;-6.408752770784015;-0.6146018366025517
0.5;0.0;8.430909910640407;-6.41940069154198;-0.2146018366025518
0.5;0.0;8.626322163420303;-6.461992374573838;-0.2146018366025518
0.5;0.0;8.772881353005225;-6.493936136847732;-0.2146018366025518
0.0;1.0;8.919440542590147;-6.525879899121626;-0.2146018366025518
0.5;0.0;8.968583689187195;-6.516663004712934;0.18539816339744822
0.0;1.0;9.11601312897834;-6.48901232148686;0.2853981633974482
0.5;0.0;9.15768773668958;-6.461385756877517;0.5853981633974482
0.5;0.0;9.32438616753454;-6.350879498440145;0.5853981633974482
0.5;0.0;9.4910845983795;-6.240373240002773;0.5853981633974482
0.5;0.0;9.74113224464694;-6.074613852346715;0.5853981633974482
0.0;-1.0;9.82448146006942;-6.019360723128029;0.48539816339744823
0.5;0.0;9.873624606666468;-6.010143828719338;0.18539816339744827
0.5;0.0;10.119340339651709;-5.964059356675881;0.18539816339744827
0.5;0.0;10.217626632845805;-5.945625567858498;0.18539816339744827
0.5;0.0;10.36505607263695;-5.917974884632423;0.18539816339744827
0.0;1.0;10.709058098816287;-5.853456623771583;0.2853981633974483
0.5;0.0;10.709058098816287;-5.853456623771583;0.48539816339744823
0.0;1.0;10.885955949192999;-5.760144510238026;0.5853981633974482
0.5;0.0;10.917605014526847;-5.721436156314179;0.8853981633974481
0.5;0.0;11.107499406529938;-5.489186032771095;0.8853981633974481
0.0;-1.0;11.170797537197634;-5.411769324923401;0.6853981633974482
0.5;0.0;11.170797537197634;-5.411769324923401;0.48539816339744823
0.0;1.0;11.347695387574346;-5.318457211389844;0.5853981633974482
0.0;1.0;11.347695387574346;-5.318457211389844;0.7853981633974482
0.5;0.0;11.371023415957735;-5.274232748795667;1.085398163397448
