Speed;TurnRate;coordX;coordY;Yaw
0.0;-1.0;16.02838073419965;-11.778353080571033;0.8022128562178653
0.0;-1.0;16.02838073419965;-11.778353080571033;0.5022128562178654
0.0;-1.0;16.02838073419965;-11.778353080571033;0.0022128562178654054
0.0;-1.0;16.02838073419965;-11.778353080571033;-0.1977871437821346
0.0;-1.0;16.02838073419965;-11.778353080571033;-0.5977871437821346
0.0;-1.0;16.02838073419965;-11.778353080571033;-0.9977871437821345
0.5;0.0;16.045595472553778;-11.87686020104158;-1.3977871437821348
0.0;-1.0;16.062810210907905;-11.975367321512127;-1.597787143782135
0.0;-1.0;16.062810210907905;-11.975367321512127;-1.797787143782135
0.0;-1.0;16.062810210907905;-11.975367321512127;-2.1977871437821355
0.5;0.0;16.02601535048526;-12.009221985097492;-2.3977871437821356
0.0;-1.0;15.915630769217328;-12.110785975853585;-2.3977871437821356
0.5;0.0;15.915630769217328;-12.110785975853585;-2.597787143782136
0.5;0.0;15.787268880331236;-12.18839541781521;-2.597787143782136
0.5;0.0;15.61611969514978;-12.291874673764044;-2.597787143782136
0.5;0.0;15.444970509968325;-12.395353929712877;-2.597787143782136
0.5;0.0;15.316608621082233;-12.472963371674503;-2.597787143782136
0.5;0.0;15.145459435900777;-12.576442627623337;-2.597787143782136
0.5;0.0;15.017097547014686;-12.654052069584962;-2.597787143782136
0.5;0.0;14.803161065537866;-12.783401139521004;-2.597787143782136
0.5;0.0;14.674799176651774;-12.86101058148263;-2.597787143782136
0.5;0.0;14.460862695174955;-12.990359651418672;-2.597787143782136
0.5;0.0;14.289713509993499;-13.093838907367505;-2.597787143782136
0.0;-1.0;14.161351621107407;-13.17144834932913;-2.697787143782136
0.5;0.0;14.161351621107407;-13.17144834932913;-2.997787143782136
0.5;0.0;13.864448282695996;-13.214441460872242;-2.997787143782136
0.0;-1.0;13.765480503225525;-13.22877249805328;3.08539816339745
0.5;0.0;13.765480503225525;-13.22877249805328;2.8853981633974497
0.0;-1.0;13.620376308111627;-13.19076233414483;2.7853981633974496
0.5;0.0;13.620376308111627;-13.19076233414483;2.4853981633974493
0.5;0.0;13.382680389780653;-13.007730505194806;2.4853981633974493
0.5;0.0;13.263832430615166;-12.916214590719793;2.4853981633974493
0.5;0.0;13.065752498672687;-12.763688066594773;2.4853981633974493
0.5;0.0;12.9469045395072;-12.67217215211976;2.4853981633974493
0.5;0.0;12.788440593953217;-12.550150932819744;2.4853981633974493
0.5;0.0;12.66959263478773;-12.458635018344731;2.4853981633974493
0.0;-1.0;12.590360662010738;-12.397624408694723;2.3853981633974493
0.5;0.0;12.565751247445919;-12.354099970561913;2.085398163397449
0.0;1.0;12.49192300375146;-12.223526656163484;2.185398163397449
0.0;1.0;12.49192300375146;-12.223526656163484;2.4853981633974493
0.5;0.0;12.398199941079888;-12.188655643510275;2.7853981633974496
0.5;0.0;12.210753815736744;-12.118913618203857;2.7853981633974496
0.5;0.0;12.070169221729387;-12.066607099224044;2.7853981633974496
0.5;0.0;11.976446159057815;-12.031736086570834;2.7853981633974496
0.0;-1.0;11.835861565050458;-11.979429567591021;2.5853981633974494
0.5;0.0;11.803095729338162;-11.941661856380586;2.285398163397449
0.5;0.0;11.672032386488981;-11.790591011538845;2.285398163397449
0.0;-1.0;11.573734879352095;-11.67728787790754;2.285398163397449
0.0;1.0;11.573734879352095;-11.67728787790754;1.985398163397449
0.0;-1.0;11.573734879352095;-11.67728787790754;2.3853981633974493
0.0;-1.0;11.573734879352095;-11.67728787790754;2.085398163397449
0.5;0.0;11.56308695859413;-11.628434814712566;1.7853981633974487
0.5;0.0;11.531143196320237;-11.481875625127644;1.7853981633974487
0.0;-1.0;11.499199434046343;-11.335316435542723;1.7853981633974487
0.0;-1.0;11.499199434046343;-11.335316435542723;1.2853981633974483
0.0;-1.0;11.499199434046343;-11.335316435542723;0.8853981633974481
0.0;1.0;11.499199434046343;-11.335316435542723;0.6853981633974482
0.0;1.0;11.499199434046343;-11.335316435542723;1.085398163397448
0.0;1.0;11.499199434046343;-11.335316435542723;1.4853981633974485
0.0;1.0;11.499199434046343;-11.335316435542723;1.8853981633974488
0.0;1.0;11.499199434046343;-11.335316435542723;2.3853981633974493
0.0;1.0;11.499199434046343;-11.335316435542723;2.5853981633974494
0.5;0.0;11.450831369008377;-11.322646380906573;2.8853981633974497
0.5;0.0;11.354095238932445;-11.297306271634273;2.8853981633974497
0.5;0.0;11.16062297878058;-11.246626053089674;2.8853981633974497
0.0;1.0;10.967150718628716;-11.195945834545075;2.8853981633974497
0.0;1.0;10.967150718628716;-11.195945834545075;-2.997787143782136
0.5;0.0;10.967150718628716;-11.195945834545075;-2.797787143782136
0.5;0.0;10.73178103018918;-11.280213917256598;-2.797787143782136
0.5;0.0;10.59055921712546;-11.330774766883511;-2.797787143782136
0.5;0.0;10.449337404061739;-11.381335616510425;-2.797787143782136
0.5;0.0;10.308115590998018;-11.431896466137339;-2.797787143782136
0.0;1.0;10.166893777934296;-11.482457315764252;-2.797787143782136
0.5;0.0;10.086912045701277;-11.542481665065226;-2.4977871437821357
0.5;0.0;9.88695771511873;-11.692542538317662;-2.4977871437821357
0.5;0.0;9.7669851167692;-11.782579062269123;-2.4977871437821357
0.5;0.0;9.687003384536181;-11.842603411570098;-2.4977871437821357
0.5;0.0;9.567030786186653;-11.932639935521559;-2.4977871437821357
0.5;0.0;9.487049053953633;-11.992664284822533;-2.4977871437821357
0.5;0.0;9.327085589487595;-12.112712983424482;-2.4977871437821357
0.5;0.0;9.247103857254576;-12.172737332725456;-2.4977871437821357
0.0;1.0;9.127131258905047;-12.262773856676917;-2.3977871437821356
0.5;0.0;9.097795729327276;-12.303263691257856;-2.1977871437821355
0.5;0.0;8.98045361101619;-12.46522302958161;-2.1977871437821355
0.5;0.0;8.863111492705103;-12.627182367905364;-2.1977871437821355
0.0;1.0;8.775104903971789;-12.74865187164818;-2.1977871437821355
0.5;0.0;8.742985428870936;-12.843353188002526;-1.8977871437821352
0.0;1.0;8.710865953770083;-12.938054504356872;-1.797787143782135
0.5;0.0;8.710865953770083;-12.938054504356872;-1.597787143782135
0.5;0.0;8.704119068781912;-13.187963446859849;-1.597787143782135
0.5;0.0;8.698721560791375;-13.38789060086223;-1.597787143782135
0.5;0.0;8.691974675803204;-13.637799543365206;-1.597787143782135
0.0;1.0;8.687926544810301;-13.787744908866992;-1.4977871437821348
0.5;0.0;8.706147511515098;-13.83430665681896;-1.1977871437821346
