Speed;TurnRate;coordX;coordY;Yaw
0.5;0.0;0.07071067811865477;0.07071067811865475;0.7853981633974483
0.0;1.0;0.2121320343559643;0.21213203435596423;0.7853981633974483
0.5;0.0;0.2121320343559643;0.21213203435596423;1.1853981633974484
0.5;0.0;0.30611406540121205;0.4437942406836475;1.1853981633974484
0.5;0.0;0.40009609644645977;0.6754564470113307;1.1853981633974484
0.0;1.0;0.4564853150736084;0.8144537708079405;1.1853981633974484
0.5;0.0;0.4550251833013103;0.9144431103157475;1.5853981633974488
0.5;0.0;0.4528349856428632;1.0644271195774582;1.5853981633974488
0.5;0.0;0.449914722098267;1.2644057985930723;1.5853981633974488
0.5;0.0;0.4469944585536708;1.4643844776086865;1.5853981633974488
0.5;0.0;0.4455343267813727;1.5643738171164936;1.5853981633974488
0.5;0.0;0.44115393146447845;1.8643418356399148;1.5853981633974488
0.5;0.0;0.43750360203373323;2.114315184409433;1.5853981633974488
0.5;0.0;0.4353134043752861;2.2642991936711443;1.5853981633974488
0.5;0.0;0.43166307494454087;2.514272542440663;1.5853981633974488
0.5;0.0;0.42801274551379564;2.764245891210182;1.5853981633974488
0.5;0.0;0.4243624160830504;3.0142192399797008;1.5853981633974488
0.5;0.0;0.42144215253845424;3.214197918995316;1.5853981633974488
0.5;0.0;0.41706175722155997;3.5141659375187384;1.5853981633974488
0.5;0.0;0.4126813619046657;3.814133956042161;1.5853981633974488
0.5;0.0;0.4075709007016224;4.164096644319487;1.5853981633974488
0.5;0.0;0.40392057127087716;4.414069993089006;1.5853981633974488
0.5;0.0;0.401000307726281;4.614048672104621;1.5853981633974488
0.5;0.0;0.3980800441816848;4.814027351120236;1.5853981633974488
0.5;0.0;0.39588984652323767;4.964011360381948;1.5853981633974488
0.5;0.0;0.3929695829786415;5.163990039397563;1.5853981633974488
0.5;0.0;0.3915094512063434;5.26397937890537;1.5853981633974488
0.5;0.0;0.38785912177559817;5.513952727674889;1.5853981633974488
0.5;0.0;0.38566892411715104;5.6639367369366;1.5853981633974488
0.5;0.0;0.38128852880025677;5.963904755460023;1.5853981633974488
0.5;0.0;0.37763819936951154;6.213878104229542;1.5853981633974488
0.5;0.0;0.3739878699387663;6.4638514529990605;1.5853981633974488
0.5;0.0;0.3717976722803192;6.613835462260772;1.5853981633974488
0.5;0.0;0.36814734284957396;6.863808811030291;1.5853981633974488
0.5;0.0;0.36303688164653064;7.213771499307617;1.5853981633974488
0.5;0.0;0.36157674987423255;7.3137608388154245;1.5853981633974488
0.5;0.0;0.3579264204434873;7.563734187584943;1.5853981633974488
0.0;1.0;0.3557362227850402;7.713718196846655;1.5853981633974488
0.0;1.0;0.3557362227850402;7.713718196846655;2.085398163397449
0.0;1.0;0.3557362227850402;7.713718196846655;2.5853981633974494
0.5;0.0;0.25900009270910657;7.739058306118954;2.8853981633974497
0.5;0.0;0.06552783255723932;7.789738524663553;2.8853981633974497
0.5;0.0;-0.12794442759462793;7.8404187432081525;2.8853981633974497
0.5;0.0;-0.27304862270852837;7.878428907116602;2.8853981633974497
0.0;1.0;-0.4181528178224288;7.916439071025051;2.98539816339745
0.0;-1.0;-0.4181528178224288;7.916439071025051;-3.0977871437821363
0.0;-1.0;-0.4181528178224288;7.916439071025051;2.98539816339745
0.0;-1.0;-0.4181528178224288;7.916439071025051;2.3853981633974493
0.5;0.0;-0.47581614454939175;7.998139381616747;2.185398163397449
0.0;-1.0;-0.5911427980033178;8.16154000280014;1.985398163397449
0.0;-1.0;-0.5911427980033178;8.16154000280014;1.4853981633974485
0.0;-1.0;-0.5911427980033178;8.16154000280014;1.1853981633974482
0.0;1.0;-0.5911427980033178;8.16154000280014;0.9853981633974481
0.0;1.0;-0.5911427980033178;8.16154000280014;1.3853981633974484
0.5;0.0;-0.6124386395192475;8.259246129190087;1.7853981633974487
0.5;0.0;-0.6656782433090717;8.503511445164957;1.7853981633974487
0.5;0.0;-0.6976220055829662;8.650070634749879;1.7853981633974487
0.0;-1.0;-0.7402136886148255;8.845482887529775;1.7853981633974487
0.5;0.0;-0.7402136886148255;8.845482887529775;1.4853981633974485
0.5;0.0;-0.72315480822276;9.044754046004277;1.4853981633974485
0.5;0.0;-0.6975664876346618;9.34366078371603;1.4853981633974485
0.5;0.0;-0.6847723273406127;9.493114152571907;1.4853981633974485
0.5;0.0;-0.6677134469485472;9.69238531104641;1.4853981633974485
0.5;0.0;-0.6463898464584653;9.941474259139538;1.4853981633974485
0.5;0.0;-0.6250662459683834;10.190563207232666;1.4853981633974485
0.5;0.0;-0.608007365576318;10.389834365707168;1.4853981633974485
0.5;0.0;-0.5866837650862361;10.638923313800296;1.4853981633974485
0.5;0.0;-0.5610954444981379;10.93783005151205;1.4853981633974485
0.5;0.0;-0.5440365641060724;11.137101209986552;1.4853981633974485
0.5;0.0;-0.5355071239100396;11.236736789223803;1.4853981633974485
0.5;0.0;-0.5099188033219414;11.535643526935557;1.4853981633974485
0.5;0.0;-0.4928599229298759;11.73491468541006;1.4853981633974485
0.5;0.0;-0.4758010425378104;11.934185843884562;1.4853981633974485
0.5;0.0;-0.4587421621457449;12.133457002359064;1.4853981633974485
0.5;0.0;-0.44168328175367944;12.332728160833566;1.4853981633974485
0.0;1.0;-0.4288891214596303;12.482181529689443;1.4853981633974485
0.5;0.0;-0.4288891214596303;12.482181529689443;1.8853981633974488
0.5;0.0;-0.5062485900503454;12.71991144497013;1.8853981633974488
0.0;1.0;-0.5681361649229176;12.91009537719468;1.985398163397449
0.5;0.0;-0.6336678363475096;12.98563079961555;2.285398163397449
0.5;0.0;-0.7319653434843975;13.098933933246855;2.285398163397449
0.0;1.0;-0.8630286863335813;13.250004778088595;2.3853981633974493
0.5;0.0;-0.909890217669368;13.2674402844152;2.7853981633974496
0.5;0.0;-1.1910594056840882;13.372053322374827;2.7853981633974496
0.0;1.0;-1.3316439996914484;13.42435984135464;2.7853981633974496
0.5;0.0;-1.4314861501999752;13.429976333305376;3.08539816339745
0.5;0.0;-1.5812493759627653;13.43840107123148;3.08539816339745
0.0;1.0;-1.7809336769798187;13.449634055132952;-3.0977871437821363
0.5;0.0;-1.7809336769798187;13.449634055132952;-2.797787143782136
0.0;-1.0;-1.9221554900435405;13.399073205506038;-2.797787143782136
0.0;-1.0;-1.9221554900435405;13.399073205506038;-3.0977871437821363
0.0;-1.0;-1.9221554900435405;13.399073205506038;2.7853981633974496
0.0;-1.0;-1.9221554900435405;13.399073205506038;2.4853981633974493
0.5;0.0;-1.9221554900435405;13.399073205506038;2.185398163397449
0.5;0.0;-2.0663138068609475;13.603323981985278;2.185398163397449
0.5;0.0;-2.210472123678354;13.807574758464519;2.185398163397449
0.0;1.0;-2.296967113768798;13.930125224352063;2.3853981633974493
0.5;0.0;-2.3438286451045847;13.947560730678667;2.7853981633974496
0.5;0.0;-2.5781363017835184;14.03473826231169;2.7853981633974496
0.5;0.0;-2.7655824271266654;14.104480287618108;2.7853981633974496
0.0;-1.0;-2.9530285524698123;14.174222312924526;2.5853981633974494
