Speed;TurnRate;coordX;coordY;Yaw
0.5;0.0;0.03535533905932738;2.0353553390593273;0.7853981633974483
-0.5;0.0;0.14142135623730953;2.1414213562373092;0.7853981633974483
0.0;-1.0;-1.3877787807814457E-17;2.0;0.7853981633974483
0.0;-1.0;-1.3877787807814457E-17;2.0;0.18539816339744838
0.0;-1.0;-1.3877787807814457E-17;2.0;-0.21460183660255164
0.0;-1.0;-1.3877787807814457E-17;2.0;-0.5146018366025517
0.0;-1.0;-1.3877787807814457E-17;2.0;-0.8146018366025516
0.0;-1.0;-1.3877787807814457E-17;2.0;-1.3146018366025518
0.0;-1.0;-1.3877787807814457E-17;2.0;-1.614601836602552
0.5;0.0;-0.021468970693994633;1.9548437900467677;-2.0146018366025524
0.0;-1.0;-0.06440691208198387;1.864531370140303;-2.1146018366025525
0.5;0.0;-0.10176579999454251;1.8313001574941044;-2.414601836602553
0.5;0.0;-0.21384246373221844;1.7316065195555084;-2.414601836602553
0.5;0.0;-0.3259191274698944;1.6319128816169124;-2.414601836602553
0.5;0.0;-0.5500724549452461;1.4325256057397204;-2.414601836602553
0.5;0.0;-0.6621491186829219;1.3328319678011245;-2.414601836602553
0.5;0.0;-0.8115846703331563;1.1999071172163298;-2.414601836602553
0.5;0.0;-0.9236613340708321;1.1002134792777338;-2.414601836602553
0.0;1.0;-1.0730968857210665;0.9672886286929391;-2.414601836602553
0.5;0.0;-1.0730968857210665;0.9672886286929391;-2.0146018366025524
0.5;0.0;-1.1804417391910393;0.7415075789267774;-2.0146018366025524
0.5;0.0;-1.2877865926610121;0.5157265291606158;-2.0146018366025524
0.5;0.0;-1.4166004168249795;0.24478926944122179;-2.0146018366025524
0.5;0.0;-1.4810073289069632;0.10932063958152471;-2.0146018366025524
0.5;0.0;-1.5668832116829414;-0.07130420023140469;-2.0146018366025524
0.5;0.0;-1.6527590944589197;-0.2519290400443341;-2.0146018366025524
0.5;0.0;-1.738634977234898;-0.4325538798572634;-2.0146018366025524
0.5;0.0;-1.8459798307048707;-0.6583349296234251;-2.0146018366025524
0.5;0.0;-1.9533246841748435;-0.8841159793895867;-2.0146018366025524
0.5;0.0;-1.9962626255628326;-0.9744283992960514;-2.0146018366025524
0.5;0.0;-2.0606695376448165;-1.1098970291557484;-2.0146018366025524
0.5;0.0;-2.1680143911147893;-1.33567807892191;-2.0146018366025524
0.0;-1.0;-2.232421303196773;-1.471146708781607;-2.2146018366025526
0.5;0.0;-2.269780191109332;-1.5043779214278057;-2.414601836602553
0.5;0.0;-2.3818568548470083;-1.6040715593664017;-2.414601836602553
0.5;0.0;-2.4939335185846847;-1.7037651973049976;-2.414601836602553
0.5;0.0;-2.606010182322361;-1.8034588352435936;-2.414601836602553
0.5;0.0;-2.792804621885155;-1.969614898474587;-2.414601836602553
0.5;0.0;-2.9795990614479493;-2.1357709617055805;-2.414601836602553
0.5;0.0;-3.1663935010107433;-2.3019270249365738;-2.414601836602553
0.5;0.0;-3.241111276835861;-2.368389450228971;-2.414601836602553
0.5;0.0;-3.427905716398655;-2.5345455134599644;-2.414601836602553
0.0;1.0;-3.5773412680488903;-2.667470364044759;-2.3146018366025527
0.5;0.0;-3.5773412680488903;-2.667470364044759;-1.9146018366025523
0.5;0.0;-3.644755734218105;-2.855766114796389;-1.9146018366025523
0.5;0.0;-3.695316583845016;-2.9969879278601113;-1.9146018366025523
0.5;0.0;-3.745877433471927;-3.1382097409238336;-1.9146018366025523
0.0;-1.0;-3.8132918996411416;-3.3265054916754635;-1.9146018366025523
0.5;0.0;-3.8132918996411416;-3.3265054916754635;-2.1146018366025525
0.5;0.0;-3.8909013416027696;-3.4548673805615526;-2.1146018366025525
0.5;0.0;-4.020250411538816;-3.668803862038368;-2.1146018366025525
0.5;0.0;-4.123729667487654;-3.83995304721982;-2.1146018366025525
0.0;-1.0;-4.201339109449282;-3.968314936105909;-2.1146018366025525
0.5;0.0;-4.201339109449282;-3.968314936105909;-2.414601836602553
0.5;0.0;-4.350774661099517;-4.101239786690705;-2.414601836602553
0.5;0.0;-4.537569100662311;-4.267395849921701;-2.414601836602553
0.5;0.0;-4.687004652312546;-4.400320700506497;-2.414601836602553
0.5;0.0;-4.87379909187534;-4.566476763737493;-2.414601836602553
0.5;0.0;-4.985875755613017;-4.66617040167609;-2.414601836602553
0.5;0.0;-5.135311307263252;-4.799095252260886;-2.414601836602553
0.5;0.0;-5.322105746826046;-4.965251315491882;-2.414601836602553
0.5;0.0;-5.50890018638884;-5.131407378722877;-2.414601836602553
0.5;0.0;-5.658335738039075;-5.264332229307674;-2.414601836602553
0.5;0.0;-5.807771289689311;-5.39725707989247;-2.414601836602553
0.5;0.0;-5.919847953426987;-5.4969507178310675;-2.414601836602553
0.5;0.0;-6.031924617164663;-5.596644355769665;-2.414601836602553
0.0;1.0;-6.14400128090234;-5.696337993708262;-2.2146018366025526
0.5;0.0;-6.14400128090234;-5.696337993708262;-2.0146018366025524
0.5;0.0;-6.251346134372315;-5.922119043474423;-2.0146018366025524
0.5;0.0;-6.337222017148295;-6.102743883287351;-2.0146018366025524
0.0;-1.0;-6.40162892923028;-6.238212513147047;-2.0146018366025524
0.5;0.0;-6.476346705055398;-6.304674938439446;-2.414601836602553
0.5;0.0;-6.588423368793074;-6.404368576378043;-2.414601836602553
0.5;0.0;-6.737858920443309;-6.537293426962839;-2.414601836602553
0.5;0.0;-6.8872944720935445;-6.670218277547636;-2.414601836602553
0.5;0.0;-7.111447799568897;-6.86960555342483;-2.414601836602553
0.5;0.0;-7.223524463306574;-6.969299191363428;-2.414601836602553
0.5;0.0;-7.33560112704425;-7.068992829302025;-2.414601836602553
0.5;0.0;-7.447677790781927;-7.168686467240622;-2.414601836602553
0.5;0.0;-7.597113342432162;-7.301611317825419;-2.414601836602553
0.5;0.0;-7.858625557820074;-7.5342298063488125;-2.414601836602553
0.5;0.0;-8.008061109470308;-7.667154656933609;-2.414601836602553
0.5;0.0;-8.120137773207984;-7.766848294872206;-2.414601836602553
0.5;0.0;-8.306932212770779;-7.933004358103202;-2.414601836602553
0.5;0.0;-8.456367764421014;-8.065929208687997;-2.414601836602553
0.5;0.0;-8.643162203983808;-8.232085271918988;-2.414601836602553
0.5;0.0;-8.755238867721484;-8.331778909857583;-2.414601836602553
0.0;1.0;-8.829956643546602;-8.39824133514998;-2.414601836602553
0.5;0.0;-8.829956643546602;-8.39824133514998;-2.0146018366025524
0.5;0.0;-8.937301497016577;-8.62402238491614;-2.0146018366025524
0.5;0.0;-9.044646350486552;-8.8498034346823;-2.0146018366025524
0.5;0.0;-9.109053262568537;-8.985272064541997;-2.0146018366025524
0.5;0.0;-9.194929145344517;-9.165896904354925;-2.0146018366025524
0.0;-1.0;-9.259336057426502;-9.301365534214622;-2.1146018366025525
0.5;0.0;-9.345768497839192;-9.3516590054043;-2.614601836602553
0.5;0.0;-9.475417158458226;-9.42709921218882;-2.614601836602553
0.5;0.0;-9.648282039283606;-9.527686154568178;-2.614601836602553
0.5;0.0;-9.821146920108985;-9.628273096947536;-2.614601836602553
0.5;0.0;-9.994011800934365;-9.728860039326895;-2.614601836602553
0.5;0.0;-10.166876681759744;-9.829446981706253;-2.614601836602553
0.5;0.0;-10.296525342378779;-9.904887188490772;-2.614601836602553
0.5;0.0;-10.512606443410503;-10.03062086646497;-2.614601836602553
0.5;0.0;-10.685471324235882;-10.131207808844328;-2.614601836602553
0.5;0.0;-10.858336205061262;-10.231794751223687;-2.614601836602553
0.0;-1.0;-10.987984865680296;-10.307234958008205;-2.614601836602553
0.5;0.0;-10.987984865680296;-10.307234958008205;-3.0146018366025533
0.5;0.0;-11.136776990170654;-10.326232423356135;-3.0146018366025533
0.5;0.0;-11.38476386432125;-10.357894865602685;-3.0146018366025533
0.0;-1.0;-11.483958613981489;-10.370559842501304;-3.0146018366025533
0.5;0.0;-11.582465734452036;-10.353345104147174;2.9685834705770326
0.5;0.0;-11.77947997539313;-10.318915627438912;2.9685834705770326
0.5;0.0;-11.976494216334224;-10.28448615073065;2.9685834705770326
0.0;-1.0;-12.124254897040045;-10.258664043199454;2.9685834705770326
0.5;0.0;-12.124254897040045;-10.258664043199454;2.5685834705770323
0.5;0.0;-12.3343232255996;-10.123123284251474;2.5685834705770323
0.5;0.0;-12.460364222735334;-10.041798828882685;2.5685834705770323
0.5;0.0;-12.544391554159157;-9.987582525303493;2.5685834705770323
0.0;1.0;-12.67043255129489;-9.906258069934704;2.6685834705770324
0.5;0.0;-12.67043255129489;-9.906258069934704;2.9685834705770326
0.5;0.0;-12.916700352471258;-9.863221224049378;2.9685834705770326
0.5;0.0;-13.064461033177079;-9.837399116518181;2.9685834705770326
0.5;0.0;-13.310728834353446;-9.794362270632854;2.9685834705770326
0.5;0.0;-13.50774307529454;-9.759932793924593;2.9685834705770326
0.5;0.0;-13.704757316235634;-9.725503317216331;2.9685834705770326
0.0;1.0;-13.803264436706181;-9.7082885788622;-3.1146018366025534
0.5;0.0;-13.803264436706181;-9.7082885788622;-2.814601836602553
0.5;0.0;-13.992667069414873;-9.772527529063906;-2.814601836602553
0.5;0.0;-14.182069702123565;-9.836766479265611;-2.814601836602553
0.5;0.0;-14.41882299300943;-9.917065167017743;-2.814601836602553
