Speed;TurnRate;coordX;coordY;Yaw
0.5;0.0;0.0;2.0;0.7853981633974483
0.5;0.0;0.03535533905932738;2.0353553390593273;0.7853981633974483
0.5;0.0;0.07071067811865477;2.0707106781186546;0.7853981633974483
0.5;0.0;0.10606601717798214;2.106066017177982;0.7853981633974483
0.5;0.0;0.10606601717798214;2.106066017177982;0.7853981633974483
0.5;0.0;0.14142135623730953;2.1414213562373092;0.7853981633974483
0.5;0.0;0.2121320343559643;2.212132034355964;0.7853981633974483
0.5;0.0;0.2474873734152917;2.247487373415291;0.7853981633974483
0.5;0.0;0.28284271247461906;2.2828427124746185;0.7853981633974483
0.5;0.0;0.3181980515339464;2.3181980515339458;0.7853981633974483
0.0;1.0;0.3535533905932738;2.353553390593273;0.7853981633974483
0.0;1.0;0.3535533905932738;2.353553390593273;0.7853981633974483
0.0;1.0;0.3535533905932738;2.353553390593273;0.9853981633974482
0.0;1.0;0.3535533905932738;2.353553390593273;1.0853981633974483
0.5;0.0;0.3535533905932738;2.353553390593273;1.0853981633974483
0.5;0.0;0.3535533905932738;2.353553390593273;1.1853981633974484
0.5;0.0;0.37234979680232333;2.3998858318588097;1.1853981633974484
0.5;0.0;0.3911462030113729;2.4462182731243463;1.1853981633974484
0.5;0.0;0.4099426092204224;2.492550714389883;1.1853981633974484
0.5;0.0;0.4475354216385215;2.585215596920956;1.1853981633974484
0.5;0.0;0.46633182784757105;2.6315480381864926;1.1853981633974484
0.5;0.0;0.4851282340566206;2.6778804794520292;1.1853981633974484
0.5;0.0;0.5039246402656702;2.724212920717566;1.1853981633974484
0.5;0.0;0.5227210464747197;2.7705453619831024;1.1853981633974484
0.5;0.0;0.5415174526837693;2.816877803248639;1.1853981633974484
0.0;1.0;0.5603138588928188;2.8632102445141756;1.1853981633974484
0.0;1.0;0.5603138588928188;2.8632102445141756;1.2853981633974485
0.0;1.0;0.5603138588928188;2.8632102445141756;1.3853981633974486
0.0;1.0;0.5603138588928188;2.8632102445141756;1.4853981633974487
0.0;1.0;0.5603138588928188;2.8632102445141756;1.5853981633974488
0.0;1.0;0.5603138588928188;2.8632102445141756;1.6853981633974489
0.0;1.0;0.5603138588928188;2.8632102445141756;1.785398163397449
0.0;1.0;0.5603138588928188;2.8632102445141756;1.885398163397449
0.0;1.0;0.5603138588928188;2.8632102445141756;1.9853981633974491
0.5;0.0;0.5603138588928188;2.8632102445141756;2.085398163397449
0.5;0.0;0.5357044443279989;2.9067346826469858;2.085398163397449
0.5;0.0;0.5357044443279989;2.9067346826469858;2.085398163397449
0.5;0.0;0.511095029763179;2.950259120779796;2.085398163397449
0.5;0.0;0.4864856151983591;2.993783558912606;2.085398163397449
0.5;0.0;0.4618762006335392;3.037307997045416;2.085398163397449
0.5;0.0;0.41265737150389936;3.1243568733110365;2.085398163397449
0.5;0.0;0.38804795693907945;3.1678813114438467;2.085398163397449
0.5;0.0;0.36343854237425954;3.211405749576657;2.085398163397449
0.5;0.0;0.36343854237425954;3.211405749576657;2.085398163397449
0.5;0.0;0.33882912780943963;3.254930187709467;2.085398163397449
0.5;0.0;0.2896102986797998;3.3419790639750873;2.085398163397449
0.5;0.0;0.2896102986797998;3.3419790639750873;2.085398163397449
0.5;0.0;0.2650008841149799;3.3855035021078974;2.085398163397449
0.5;0.0;0.21578205498534003;3.4725523783735177;2.085398163397449
0.5;0.0;0.1911726404205201;3.516076816506328;2.085398163397449
0.5;0.0;0.1911726404205201;3.516076816506328;2.085398163397449
0.5;0.0;0.14195381129088022;3.603125692771948;2.085398163397449
0.5;0.0;0.14195381129088022;3.603125692771948;2.085398163397449
0.5;0.0;0.09273498216124038;3.6901745690375685;2.085398163397449
0.5;0.0;0.09273498216124038;3.6901745690375685;2.085398163397449
0.5;0.0;0.04351615303160053;3.7772234453031888;2.085398163397449
0.5;0.0;-0.0057026760980393235;3.864272321568809;2.085398163397449
0.5;0.0;-0.0057026760980393235;3.864272321568809;2.085398163397449
0.5;0.0;-0.03031209066285925;3.907796759701619;2.085398163397449
0.5;0.0;-0.0795309197924991;3.9948456359672395;2.085398163397449
0.5;0.0;-0.10414033435731902;4.03837007410005;2.085398163397449
0.5;0.0;-0.12874974892213895;4.081894512232861;2.085398163397449
0.5;0.0;-0.15335916348695888;4.125418950365671;2.085398163397449
0.5;0.0;-0.15335916348695888;4.125418950365671;2.085398163397449
0.5;0.0;-0.17796857805177882;4.168943388498482;2.085398163397449
0.5;0.0;-0.20257799261659876;4.2124678266312925;2.085398163397449
0.5;0.0;-0.25179682174623863;4.299516702896914;2.085398163397449
0.5;0.0;-0.27640623631105854;4.343041141029724;2.085398163397449
0.5;0.0;-0.27640623631105854;4.343041141029724;2.085398163397449
0.5;0.0;-0.30101565087587845;4.386565579162535;2.085398163397449
0.5;0.0;-0.35023448000551827;4.473614455428156;2.085398163397449
0.5;0.0;-0.3748438945703382;4.517138893560967;2.085398163397449
0.5;0.0;-0.3748438945703382;4.517138893560967;2.085398163397449
0.0;-1.0;-0.424062723699978;4.604187769826588;2.085398163397449
0.5;0.0;-0.424062723699978;4.604187769826588;1.985398163397449
0.5;0.0;-0.424062723699978;4.604187769826588;1.985398163397449
0.5;0.0;-0.4643452769612132;4.69571544816902;1.985398163397449
0.5;0.0;-0.4643452769612132;4.69571544816902;1.985398163397449
0.5;0.0;-0.4844865535918308;4.741479287340236;1.985398163397449
0.5;0.0;-0.524769106853066;4.833006965682668;1.985398163397449
0.5;0.0;-0.5449103834836836;4.878770804853884;1.985398163397449
0.5;0.0;-0.5449103834836836;4.878770804853884;1.985398163397449
0.5;0.0;-0.5851929367449188;4.970298483196316;1.985398163397449
0.5;0.0;-0.6053342133755364;5.0160623223675325;1.985398163397449
0.5;0.0;-0.625475490006154;5.0618261615387485;1.985398163397449
0.5;0.0;-0.6456167666367716;5.107590000709965;1.985398163397449
0.5;0.0;-0.6657580432673892;5.153353839881181;1.985398163397449
0.5;0.0;-0.6858993198980068;5.199117679052397;1.985398163397449
0.5;0.0;-0.7060405965286244;5.244881518223613;1.985398163397449
0.5;0.0;-0.726181873159242;5.290645357394829;1.985398163397449
0.5;0.0;-0.7463231497898596;5.336409196566045;1.985398163397449
0.5;0.0;-0.7463231497898596;5.336409196566045;1.985398163397449
0.5;0.0;-0.7664644264204772;5.382173035737261;1.985398163397449
0.5;0.0;-0.7866057030510948;5.427936874908477;1.985398163397449
0.5;0.0;-0.8067469796817124;5.473700714079693;1.985398163397449
0.0;-1.0;-0.82688825631233;5.519464553250909;1.985398163397449
0.0;-1.0;-0.82688825631233;5.519464553250909;1.8853981633974488
0.5;0.0;-0.82688825631233;5.519464553250909;1.8853981633974488
0.5;0.0;-0.82688825631233;5.519464553250909;1.7853981633974487
0.5;0.0;-0.8375361770702948;5.568317616445883;1.7853981633974487
0.5;0.0;-0.8481840978282597;5.617170679640857;1.7853981633974487
0.5;0.0;-0.8694799393441893;5.714876806030805;1.7853981633974487
0.5;0.0;-0.8801278601021542;5.763729869225779;1.7853981633974487
0.5;0.0;-0.8801278601021542;5.763729869225779;1.7853981633974487
0.5;0.0;-0.9014237016180838;5.861435995615727;1.7853981633974487
0.5;0.0;-0.9120716223760487;5.910289058810701;1.7853981633974487
0.5;0.0;-0.9227195431340135;5.959142122005675;1.7853981633974487
0.5;0.0;-0.9333674638919783;6.007995185200649;1.7853981633974487
0.5;0.0;-0.9440153846499432;6.056848248395623;1.7853981633974487
0.5;0.0;-0.954663305407908;6.105701311590597;1.7853981633974487
0.5;0.0;-0.9653112261658728;6.154554374785571;1.7853981633974487
0.5;0.0;-0.9759591469238377;6.203407437980545;1.7853981633974487
0.5;0.0;-0.9866070676818025;6.252260501175519;1.7853981633974487
0.5;0.0;-1.007902909197732;6.3499666275654665;1.7853981633974487
0.5;0.0;-1.0291987507136617;6.447672753955414;1.7853981633974487
0.5;0.0;-1.0398466714716266;6.496525817150388;1.7853981633974487
0.5;0.0;-1.0504945922295914;6.545378880345362;1.7853981633974487
0.5;0.0;-1.0611425129875562;6.594231943540336;1.7853981633974487
0.0;-1.0;-1.071790433745521;6.64308500673531;1.7853981633974487
0.0;-1.0;-1.071790433745521;6.64308500673531;1.6853981633974486
0.0;-1.0;-1.071790433745521;6.64308500673531;1.6853981633974486
0.5;0.0;-1.071790433745521;6.64308500673531;1.4853981633974485
0.5;0.0;-1.0675257136475047;6.692902796353935;1.4853981633974485
0.5;0.0;-1.0632609935494883;6.74272058597256;1.4853981633974485
0.5;0.0;-1.058996273451472;6.792538375591184;1.4853981633974485
0.5;0.0;-1.0547315533534556;6.842356165209809;1.4853981633974485
0.5;0.0;-1.0504668332554392;6.892173954828434;1.4853981633974485
0.5;0.0;-1.0462021131574228;6.9419917444470585;1.4853981633974485
0.5;0.0;-1.0419373930594065;6.991809534065683;1.4853981633974485
0.5;0.0;-1.03767267296139;7.041627323684308;1.4853981633974485
0.5;0.0;-1.0334079528633737;7.091445113302933;1.4853981633974485
0.5;0.0;-1.0291432327653574;7.141262902921557;1.4853981633974485
0.5;0.0;-1.024878512667341;7.191080692540182;1.4853981633974485
0.0;1.0;-1.0206137925693246;7.240898482158807;1.4853981633974485
0.0;1.0;-1.0206137925693246;7.240898482158807;1.5853981633974485
0.5;0.0;-1.0206137925693246;7.240898482158807;1.6853981633974486
0.5;0.0;-1.0263313498626323;7.290570501833849;1.6853981633974486
0.5;0.0;-1.03204890715594;7.340242521508891;1.6853981633974486
0.5;0.0;-1.0377664644492477;7.389914541183933;1.6853981633974486
0.5;0.0;-1.0377664644492477;7.389914541183933;1.6853981633974486
0.5;0.0;-1.0434840217425554;7.4395865608589755;1.6853981633974486
0.0;1.0;-1.049201579035863;7.489258580534018;1.6853981633974486
0.0;1.0;-1.049201579035863;7.489258580534018;1.7853981633974487
0.0;1.0;-1.049201579035863;7.489258580534018;1.8853981633974488
0.0;1.0;-1.049201579035863;7.489258580534018;1.985398163397449
0.5;0.0;-1.049201579035863;7.489258580534018;1.985398163397449
0.5;0.0;-1.073810993600683;7.532783018666828;2.085398163397449
0.5;0.0;-1.098420408165503;7.576307456799639;2.085398163397449
0.5;0.0;-1.098420408165503;7.576307456799639;2.085398163397449
0.5;0.0;-1.1230298227303228;7.6198318949324495;2.085398163397449
0.0;1.0;-1.1476392372951427;7.66335633306526;2.085398163397449
0.0;1.0;-1.1476392372951427;7.66335633306526;2.085398163397449
0.0;1.0;-1.1476392372951427;7.66335633306526;2.285398163397449
0.0;1.0;-1.1476392372951427;7.66335633306526;2.4853981633974493
0.0;1.0;-1.1476392372951427;7.66335633306526;2.4853981633974493
0.5;0.0;-1.1476392372951427;7.66335633306526;2.6853981633974495
0.5;0.0;-1.1925260099980048;7.685383081266518;2.6853981633974495
0.5;0.0;-1.237412782700867;7.7074098294677755;2.6853981633974495
0.5;0.0;-1.282299555403729;7.729436577669033;2.6853981633974495
0.5;0.0;-1.3271863281065912;7.751463325870291;2.6853981633974495
0.5;0.0;-1.3720731008094533;7.773490074071549;2.6853981633974495
0.5;0.0;-1.4169598735123154;7.795516822272806;2.6853981633974495
0.5;0.0;-1.4618466462151776;7.817543570474064;2.6853981633974495
0.5;0.0;-1.4618466462151776;7.817543570474064;2.6853981633974495
0.5;0.0;-1.5516201916209018;7.8615970668765796;2.6853981633974495
0.5;0.0;-1.596506964323764;7.883623815077837;2.6853981633974495
0.5;0.0;-1.641393737026626;7.905650563279095;2.6853981633974495
0.5;0.0;-1.6862805097294882;7.927677311480353;2.6853981633974495
0.5;0.0;-1.7311672824323503;7.94970405968161;2.6853981633974495
0.5;0.0;-1.7311672824323503;7.94970405968161;2.6853981633974495
0.5;0.0;-1.8209408278380745;7.993757556084126;2.6853981633974495
0.0;1.0;-1.8658276005409367;8.015784304285383;2.6853981633974495
0.0;1.0;-1.8658276005409367;8.015784304285383;2.7853981633974496
0.0;1.0;-1.8658276005409367;8.015784304285383;2.98539816339745
0.0;1.0;-1.8658276005409367;8.015784304285383;3.08539816339745
0.0;1.0;-1.8658276005409367;8.015784304285383;-3.0977871437821363
0.0;1.0;-1.8658276005409367;8.015784304285383;-2.997787143782136
0.0;1.0;-1.8658276005409367;8.015784304285383;-2.897787143782136
0.5;0.0;-1.8658276005409367;8.015784304285383;-2.797787143782136
0.5;0.0;-1.8658276005409367;8.015784304285383;-2.797787143782136
0.5;0.0;-1.9599754759167511;7.982077071200775;-2.797787143782136
0.5;0.0;-1.9599754759167511;7.982077071200775;-2.797787143782136
0.5;0.0;-2.054123351292566;7.948369838116168;-2.797787143782136
0.5;0.0;-2.1011972889804733;7.931516221573864;-2.797787143782136
0.5;0.0;-2.1482712266683808;7.914662605031561;-2.797787143782136
0.5;0.0;-2.1953451643562882;7.897808988489257;-2.797787143782136
0.5;0.0;-2.1953451643562882;7.897808988489257;-2.797787143782136
0.5;0.0;-2.289493039732103;7.86410175540465;-2.797787143782136
0.5;0.0;-2.3365669774200106;7.847248138862346;-2.797787143782136
0.5;0.0;-2.383640915107918;7.830394522320042;-2.797787143782136
0.5;0.0;-2.477788790483733;7.796687289235435;-2.797787143782136
0.5;0.0;-2.5248627281716405;7.779833672693131;-2.797787143782136
0.5;0.0;-2.571936665859548;7.762980056150828;-2.797787143782136
0.5;0.0;-2.571936665859548;7.762980056150828;-2.797787143782136
0.5;0.0;-2.7131584789232703;7.712419206523917;-2.797787143782136
0.5;0.0;-2.760232416611178;7.695565589981613;-2.797787143782136
0.5;0.0;-2.8073063542990853;7.6787119734393094;-2.797787143782136
0.5;0.0;-2.8543802919869927;7.661858356897006;-2.797787143782136
0.5;0.0;-2.9014542296749;7.645004740354702;-2.797787143782136
0.5;0.0;-2.9485281673628077;7.6281511238123985;-2.797787143782136
0.5;0.0;-2.995602105050715;7.611297507270095;-2.797787143782136
0.5;0.0;-3.0426760427386226;7.594443890727791;-2.797787143782136
0.5;0.0;-3.08974998042653;7.5775902741854875;-2.797787143782136
0.5;0.0;-3.1368239181144375;7.560736657643184;-2.797787143782136
0.5;0.0;-3.183897855802345;7.54388304110088;-2.797787143782136
0.5;0.0;-3.183897855802345;7.54388304110088;-2.797787143782136
0.0;1.0;-3.27804573117816;7.510175808016273;-2.797787143782136
0.0;1.0;-3.27804573117816;7.510175808016273;-2.697787143782136
0.5;0.0;-3.27804573117816;7.510175808016273;-2.697787143782136
0.5;0.0;-3.320833027473523;7.4843059940290635;-2.597787143782136
0.5;0.0;-3.363620323768886;7.458436180041854;-2.597787143782136
0.5;0.0;-3.406407620064249;7.432566366054645;-2.597787143782136
0.0;1.0;-3.449194916359612;7.4066965520674355;-2.597787143782136
0.0;1.0;-3.449194916359612;7.4066965520674355;-2.4977871437821357
0.0;1.0;-3.449194916359612;7.4066965520674355;-2.3977871437821356
0.0;1.0;-3.449194916359612;7.4066965520674355;-2.2977871437821356
0.0;1.0;-3.449194916359612;7.4066965520674355;-2.1977871437821355
0.0;1.0;-3.449194916359612;7.4066965520674355;-2.0977871437821354
0.0;1.0;-3.449194916359612;7.4066965520674355;-1.9977871437821353
0.5;0.0;-3.449194916359612;7.4066965520674355;-1.8977871437821352
0.5;0.0;-3.449194916359612;7.4066965520674355;-1.8977871437821352
0.5;0.0;-3.465254653910038;7.3593458938902625;-1.8977871437821352
0.5;0.0;-3.4973741290108897;7.2646445775359165;-1.8977871437821352
0.5;0.0;-3.4973741290108897;7.2646445775359165;-1.8977871437821352
0.5;0.0;-3.5294936041117415;7.1699432611815705;-1.8977871437821352
0.5;0.0;-3.5294936041117415;7.1699432611815705;-1.8977871437821352
0.5;0.0;-3.5455533416621674;7.122592603004398;-1.8977871437821352
0.5;0.0;-3.577672816763019;7.027891286650052;-1.8977871437821352
0.0;1.0;-3.593732554313445;6.980540628472879;-1.8977871437821352
0.0;1.0;-3.593732554313445;6.980540628472879;-1.797787143782135
0.0;1.0;-3.593732554313445;6.980540628472879;-1.797787143782135
0.5;0.0;-3.593732554313445;6.980540628472879;-1.597787143782135
0.5;0.0;-3.593732554313445;6.980540628472879;-1.597787143782135
0.5;0.0;-3.5964313083087127;6.880577051471688;-1.597787143782135
0.5;0.0;-3.5977806853063465;6.830595262971093;-1.597787143782135
0.5;0.0;-3.5977806853063465;6.830595262971093;-1.597787143782135
0.5;0.0;-3.600479439301614;6.730631685969902;-1.597787143782135
0.5;0.0;-3.601828816299248;6.680649897469307;-1.597787143782135
0.5;0.0;-3.603178193296882;6.630668108968711;-1.597787143782135
0.5;0.0;-3.6045275702945156;6.580686320468116;-1.597787143782135
0.5;0.0;-3.6058769472921495;6.530704531967521;-1.597787143782135
0.5;0.0;-3.6072263242897833;6.4807227434669255;-1.597787143782135
0.5;0.0;-3.6072263242897833;6.4807227434669255;-1.597787143782135
0.5;0.0;-3.609925078285051;6.380759166465735;-1.597787143782135
0.5;0.0;-3.609925078285051;6.380759166465735;-1.597787143782135
0.5;0.0;-3.6126238322803186;6.280795589464544;-1.597787143782135
0.5;0.0;-3.6139732092779524;6.230813800963949;-1.597787143782135
0.5;0.0;-3.6153225862755862;6.180832012463354;-1.597787143782135
0.5;0.0;-3.61667196327322;6.130850223962758;-1.597787143782135
0.5;0.0;-3.618021340270854;6.080868435462163;-1.597787143782135
0.5;0.0;-3.6193707172684877;6.030886646961568;-1.597787143782135
0.5;0.0;-3.6207200942661215;5.980904858460972;-1.597787143782135
0.5;0.0;-3.6220694712637553;5.930923069960377;-1.597787143782135
0.5;0.0;-3.6220694712637553;5.930923069960377;-1.597787143782135
0.5;0.0;-3.624768225259023;5.830959492959186;-1.597787143782135
0.5;0.0;-3.6274669792542906;5.730995915957996;-1.597787143782135
0.5;0.0;-3.6288163562519244;5.6810141274574;-1.597787143782135
0.5;0.0;-3.6288163562519244;5.6810141274574;-1.597787143782135
0.5;0.0;-3.631515110247192;5.58105055045621;-1.597787143782135
0.5;0.0;-3.631515110247192;5.58105055045621;-1.597787143782135
0.5;0.0;-3.632864487244826;5.5310687619556145;-1.597787143782135
0.5;0.0;-3.6355632412400936;5.431105184954424;-1.597787143782135
0.5;0.0;-3.6355632412400936;5.431105184954424;-1.597787143782135
0.5;0.0;-3.638261995235361;5.331141607953233;-1.597787143782135
0.5;0.0;-3.638261995235361;5.331141607953233;-1.597787143782135
0.0;1.0;-3.640960749230629;5.231178030952043;-1.597787143782135
0.0;1.0;-3.640960749230629;5.231178030952043;-1.4977871437821348
0.0;1.0;-3.640960749230629;5.231178030952043;-1.3977871437821348
0.5;0.0;-3.640960749230629;5.231178030952043;-1.2977871437821347
0.5;0.0;-3.640960749230629;5.231178030952043;-1.2977871437821347
0.5;0.0;-3.6274792298470557;5.18302983643646;-1.2977871437821347
0.5;0.0;-3.6005161910799095;5.086733447405295;-1.2977871437821347
0.5;0.0;-3.5870346716963364;5.038585252889712;-1.2977871437821347
0.5;0.0;-3.5735531523127633;4.9904370583741295;-1.2977871437821347
0.5;0.0;-3.56007163292919;4.942288863858547;-1.2977871437821347
0.5;0.0;-3.56007163292919;4.942288863858547;-1.2977871437821347
0.5;0.0;-3.546590113545617;4.894140669342964;-1.2977871437821347
0.5;0.0;-3.533108594162044;4.845992474827382;-1.2977871437821347
0.5;0.0;-3.519627074778471;4.797844280311799;-1.2977871437821347
0.5;0.0;-3.5061455553948977;4.7496960857962165;-1.2977871437821347
0.5;0.0;-3.4926640360113246;4.701547891280634;-1.2977871437821347
0.5;0.0;-3.4926640360113246;4.701547891280634;-1.2977871437821347
0.5;0.0;-3.4657009972441783;4.605251502249469;-1.2977871437821347
0.5;0.0;-3.4657009972441783;4.605251502249469;-1.2977871437821347
0.5;0.0;-3.438737958477032;4.5089551132183034;-1.2977871437821347
0.0;-1.0;-3.425256439093459;4.460806918702721;-1.2977871437821347
0.0;-1.0;-3.425256439093459;4.460806918702721;-1.2977871437821347
