Speed;TurnRate;coordX;coordY;Yaw
0.0;-1.0;0.0;2.0;0.7853981633974483
0.0;-1.0;0.0;2.0;0.7853981633974483
0.0;-1.0;0.0;2.0;0.5853981633974483
0.0;-1.0;0.0;2.0;0.5853981633974483
0.0;-1.0;0.0;2.0;0.48539816339744835
0.0;-1.0;0.0;2.0;0.2853981633974484
0.0;-1.0;0.0;2.0;0.2853981633974484
0.0;-1.0;0.0;2.0;0.18539816339744838
0.0;-1.0;0.0;2.0;-0.014601836602551627
0.0;-1.0;0.0;2.0;-0.014601836602551627
0.0;-1.0;0.0;2.0;-0.21460183660255164
0.0;-1.0;0.0;2.0;-0.21460183660255164
0.0;-1.0;0.0;2.0;-0.4146018366025517
0.0;-1.0;0.0;2.0;-0.5146018366025517
0.0;-1.0;0.0;2.0;-0.6146018366025516
0.0;-1.0;0.0;2.0;-0.7146018366025516
0.0;-1.0;0.0;2.0;-0.8146018366025516
0.0;-1.0;0.0;2.0;-0.8146018366025516
0.0;-1.0;0.0;2.0;-1.0146018366025515
0.5;0.0;0.0;2.0;-1.1146018366025516
0.5;0.0;0.0;2.0;-1.1146018366025516
0.5;0.0;0.02202674820125752;1.9102264545942758;-1.1146018366025516
0.5;0.0;0.06608024460377256;1.8653396818914136;-1.1146018366025516
0.5;0.0;0.06608024460377256;1.8653396818914136;-1.1146018366025516
0.5;0.0;0.08810699280503008;1.7755661364856894;-1.1146018366025516
0.5;0.0;0.1101337410062876;1.7755661364856894;-1.1146018366025516
0.5;0.0;0.1321604892075451;1.7306793637828273;-1.1146018366025516
0.5;0.0;0.15418723740880264;1.6857925910799652;-1.1146018366025516
0.5;0.0;0.17621398561006016;1.640905818377103;-1.1146018366025516
0.5;0.0;0.19824073381131768;1.596019045674241;-1.1146018366025516
0.5;0.0;0.24229423021383273;1.5062455002685167;-1.1146018366025516
0.5;0.0;0.24229423021383273;1.5062455002685167;-1.1146018366025516
0.5;0.0;0.2643209784150902;1.4613587275656545;-1.1146018366025516
0.5;0.0;0.3083744748176052;1.3715851821599303;-1.1146018366025516
0.5;0.0;0.3304012230188627;1.3266984094570682;-1.1146018366025516
0.5;0.0;0.3304012230188627;1.3266984094570682;-1.1146018366025516
0.5;0.0;0.3744547194213777;1.236924864051344;-1.1146018366025516
0.5;0.0;0.3744547194213777;1.236924864051344;-1.1146018366025516
0.5;0.0;0.3964814676226352;1.1920380913484818;-1.1146018366025516
0.5;0.0;0.4185082158238927;1.1471513186456197;-1.1146018366025516
0.5;0.0;0.4625617122264077;1.0573777732398955;-1.1146018366025516
0.5;0.0;0.4625617122264077;1.0573777732398955;-1.1146018366025516
0.5;0.0;0.5066152086289227;0.9676042278341713;-1.1146018366025516
0.5;0.0;0.5066152086289227;0.9676042278341713;-1.1146018366025516
0.5;0.0;0.5286419568301802;0.9227174551313093;-1.1146018366025516
0.5;0.0;0.5506687050314377;0.8778306824284473;-1.1146018366025516
0.5;0.0;0.5726954532326952;0.8329439097255853;-1.1146018366025516
0.5;0.0;0.5947222014339527;0.7880571370227233;-1.1146018366025516
0.5;0.0;0.6167489496352102;0.7431703643198613;-1.1146018366025516
0.5;0.0;0.6387756978364677;0.6982835916169993;-1.1146018366025516
0.5;0.0;0.6828291942389827;0.6085100462112752;-1.1146018366025516
0.5;0.0;0.6828291942389827;0.6085100462112752;-1.1146018366025516
0.5;0.0;0.7048559424402402;0.5636232735084132;-1.1146018366025516
0.5;0.0;0.7268826906414977;0.5187365008055512;-1.1146018366025516
0.5;0.0;0.7489094388427552;0.4738497281026892;-1.1146018366025516
0.5;0.0;0.7709361870440127;0.4289629553998272;-1.1146018366025516
0.5;0.0;0.7929629352452702;0.3840761826969652;-1.1146018366025516
0.5;0.0;0.8149896834465277;0.3391894099941032;-1.1146018366025516
0.5;0.0;0.8590431798490427;0.24941586458837917;-1.1146018366025516
0.5;0.0;0.8590431798490427;0.24941586458837917;-1.1146018366025516
0.5;0.0;0.8810699280503002;0.20452909188551716;-1.1146018366025516
0.5;0.0;0.9030966762515577;0.11475554647979314;-1.1146018366025516
0.5;0.0;0.9251234244528151;0.11475554647979314;-1.1146018366025516
0.5;0.0;0.9471501726540726;0.06986877377693113;-1.1146018366025516
0.5;0.0;0.9691769208553301;0.02498200107406911;-1.1146018366025516
0.5;0.0;0.9912036690565876;-0.01990477162879291;-1.1146018366025516
0.5;0.0;1.0132304172578452;-0.06479154433165493;-1.1146018366025516
0.5;0.0;1.0352571654591027;-0.10967831703451694;-1.1146018366025516
0.5;0.0;1.0793106618616177;-0.19945186244024096;-1.1146018366025516
0.5;0.0;1.1013374100628752;-0.24433863514310297;-1.1146018366025516
0.5;0.0;1.1233641582641327;-0.289225407845965;-1.1146018366025516
0.5;0.0;1.1894444028679052;-0.42388572595455104;-1.1146018366025516
0.5;0.0;1.1894444028679052;-0.42388572595455104;-1.1146018366025516
0.5;0.0;1.2114711510691627;-0.46877249865741305;-1.1146018366025516
0.5;0.0;1.2334978992704202;-0.5136592713602751;-1.1146018366025516
0.5;0.0;1.2555246474716777;-0.5585460440631371;-1.1146018366025516
0.5;0.0;1.2995781438741927;-0.6483195894688611;-1.1146018366025516
0.5;0.0;1.3216048920754502;-0.6932063621717232;-1.1146018366025516
0.0;1.0;1.3436316402767077;-0.7380931348745852;-1.1146018366025516
0.0;1.0;1.3436316402767077;-0.7380931348745852;-1.0146018366025515
0.5;0.0;1.3436316402767077;-0.7380931348745852;-0.9146018366025516
0.5;0.0;1.3436316402767077;-0.7380931348745852;-0.9146018366025516
0.5;0.0;1.3741369451017125;-0.7777091212630817;-0.9146018366025516
0.5;0.0;1.4046422499267173;-0.8173251076515782;-0.9146018366025516
0.5;0.0;1.435147554751722;-0.8569410940400747;-0.9146018366025516
0.5;0.0;1.4656528595767269;-0.8965570804285712;-0.9146018366025516
0.5;0.0;1.5266634692267365;-0.9757890532055642;-0.9146018366025516
0.5;0.0;1.5571687740517413;-1.0154050395940606;-0.9146018366025516
0.5;0.0;1.5571687740517413;-1.0154050395940606;-0.9146018366025516
0.5;0.0;1.587674078876746;-1.055021025982557;-0.9146018366025516
0.5;0.0;1.6181793837017509;-1.0946370123710534;-0.9146018366025516
0.5;0.0;1.6486846885267556;-1.1342529987595498;-0.9146018366025516
0.5;0.0;1.7096952981767652;-1.2134849715365426;-0.9146018366025516
0.5;0.0;1.7096952981767652;-1.2134849715365426;-0.9146018366025516
0.5;0.0;1.74020060300177;-1.253100957925039;-0.9146018366025516
0.5;0.0;1.8012112126517796;-1.3323329307020317;-0.9146018366025516
0.5;0.0;1.8012112126517796;-1.3323329307020317;-0.9146018366025516
0.5;0.0;1.8317165174767844;-1.3719489170905281;-0.9146018366025516
0.5;0.0;1.892727127126794;-1.451180889867521;-0.9146018366025516
0.5;0.0;1.9232324319517988;-1.4907968762560173;-0.9146018366025516
0.5;0.0;1.9232324319517988;-1.4907968762560173;-0.9146018366025516
0.5;0.0;1.9842430416018084;-1.57002884903301;-0.9146018366025516
0.5;0.0;1.9842430416018084;-1.57002884903301;-0.9146018366025516
0.5;0.0;2.0452536512518185;-1.6492608218100029;-0.9146018366025516
0.5;0.0;2.0452536512518185;-1.6492608218100029;-0.9146018366025516
0.5;0.0;2.0757589560768235;-1.6888768081984993;-0.9146018366025516
0.5;0.0;2.1367695657268335;-1.768108780975492;-0.9146018366025516
0.5;0.0;2.1672748705518385;-1.8077247673639885;-0.9146018366025516
0.5;0.0;2.1672748705518385;-1.8077247673639885;-0.9146018366025516
0.5;0.0;2.1977801753768436;-1.8473407537524849;-0.9146018366025516
0.5;0.0;2.2282854802018486;-1.8869567401409812;-0.9146018366025516
0.5;0.0;2.2587907850268536;-1.9265727265294776;-0.9146018366025516
0.5;0.0;2.3198013946768636;-2.0058046993064704;-0.9146018366025516
0.5;0.0;2.3198013946768636;-2.0058046993064704;-0.9146018366025516
0.5;0.0;2.3808120043268737;-2.0850366720834637;-0.9146018366025516
0.5;0.0;2.3808120043268737;-2.0850366720834637;-0.9146018366025516
0.5;0.0;2.4113173091518787;-2.1246526584719603;-0.9146018366025516
0.5;0.0;2.4418226139768837;-2.164268644860457;-0.9146018366025516
0.5;0.0;2.5028332236268938;-2.24350061763745;-0.9146018366025516
0.5;0.0;2.5333385284518988;-2.2831166040259467;-0.9146018366025516
0.0;-1.0;2.563843833276904;-2.3227325904144434;-0.9146018366025516
0.5;0.0;2.563843833276904;-2.3227325904144434;-1.0146018366025515
0.5;0.0;2.5902417393658617;-2.365196110689128;-1.0146018366025515
0.5;0.0;2.5902417393658617;-2.365196110689128;-1.0146018366025515
0.5;0.0;2.6166396454548195;-2.407659630963813;-1.0146018366025515
0.5;0.0;2.6430375515437774;-2.4501231512384978;-1.0146018366025515
0.5;0.0;2.6694354576327353;-2.4925866715131826;-1.0146018366025515
0.5;0.0;2.722231269810651;-2.577513712062552;-1.0146018366025515
0.5;0.0;2.722231269810651;-2.577513712062552;-1.0146018366025515
0.5;0.0;2.748629175899609;-2.619977232337237;-1.0146018366025515
0.5;0.0;2.748629175899609;-2.619977232337237;-1.0146018366025515
0.5;0.0;2.7750270819885667;-2.662440752611922;-1.0146018366025515
0.5;0.0;2.8014249880775246;-2.7049042728866066;-1.0146018366025515
0.5;0.0;2.8278228941664825;-2.7473677931612914;-1.0146018366025515
0.5;0.0;2.8542208002554403;-2.7898313134359762;-1.0146018366025515
0.5;0.0;2.880618706344398;-2.832294833710661;-1.0146018366025515
0.5;0.0;2.907016612433356;-2.874758353985346;-1.0146018366025515
0.5;0.0;2.933414518522314;-2.9172218742600307;-1.0146018366025515
0.5;0.0;2.959812424611272;-2.9596853945347155;-1.0146018366025515
0.5;0.0;2.9862103307002297;-3.0021489148094003;-1.0146018366025515
0.5;0.0;3.0126082367891875;-3.044612435084085;-1.0146018366025515
0.5;0.0;3.0390061428781454;-3.08707595535877;-1.0146018366025515
0.5;0.0;3.0654040489671033;-3.1295394756334547;-1.0146018366025515
0.5;0.0;3.091801955056061;-3.1720029959081395;-1.0146018366025515
0.5;0.0;3.118199861145019;-3.2144665161828243;-1.0146018366025515
0.5;0.0;3.144597767233977;-3.256930036457509;-1.0146018366025515
0.5;0.0;3.1973935794118926;-3.3418570770068787;-1.0146018366025515
0.0;1.0;3.2237914855008505;-3.3843205972815635;-1.0146018366025515
0.0;1.0;3.2237914855008505;-3.3843205972815635;-0.9146018366025516
0.5;0.0;3.2237914855008505;-3.3843205972815635;-0.8146018366025516
0.5;0.0;3.2237914855008505;-3.3843205972815635;-0.8146018366025516
0.5;0.0;3.2924072947787577;-3.4570658426048;-0.8146018366025516
0.5;0.0;3.2924072947787577;-3.4570658426048;-0.8146018366025516
0.5;0.0;3.361023104056665;-3.529811087928037;-0.8146018366025516
0.5;0.0;3.361023104056665;-3.529811087928037;-0.8146018366025516
0.5;0.0;3.429638913334572;-3.6025563332512736;-0.8146018366025516
0.5;0.0;3.429638913334572;-3.6025563332512736;-0.8146018366025516
0.5;0.0;3.4639468179735258;-3.638928955912892;-0.8146018366025516
0.5;0.0;3.4982547226124794;-3.6753015785745102;-0.8146018366025516
0.5;0.0;3.532562627251433;-3.7116742012361286;-0.8146018366025516
0.5;0.0;3.532562627251433;-3.7116742012361286;-0.8146018366025516
0.5;0.0;3.5668705318903866;-3.748046823897747;-0.8146018366025516
0.5;0.0;3.635486341168294;-3.8207920692209836;-0.8146018366025516
0.5;0.0;3.704102150446201;-3.8935373145442203;-0.8146018366025516
0.5;0.0;3.7384100550851547;-3.9299099372058386;-0.8146018366025516
0.5;0.0;3.807025864363062;-4.002655182529075;-0.8146018366025516
0.5;0.0;3.807025864363062;-4.002655182529075;-0.8146018366025516
0.5;0.0;3.8413337690020155;-4.039027805190694;-0.8146018366025516
0.0;1.0;3.9099495782799227;-4.11177305051393;-0.8146018366025516
0.0;1.0;3.9099495782799227;-4.11177305051393;-0.7146018366025516
0.5;0.0;3.9099495782799227;-4.11177305051393;-0.7146018366025516
0.5;0.0;3.9099495782799227;-4.11177305051393;-0.6146018366025516
0.5;0.0;3.9916498888716188;-4.169436377240894;-0.6146018366025516
0.5;0.0;4.032500044167467;-4.1982680406043755;-0.6146018366025516
0.5;0.0;4.032500044167467;-4.1982680406043755;-0.6146018366025516
0.5;0.0;4.073350199463315;-4.227099703967857;-0.6146018366025516
0.5;0.0;4.114200354759163;-4.255931367331339;-0.6146018366025516
0.5;0.0;4.195900665350859;-4.3135946940583025;-0.6146018366025516
0.5;0.0;4.236750820646707;-4.342426357421784;-0.6146018366025516
0.5;0.0;4.277600975942555;-4.371258020785266;-0.6146018366025516
0.5;0.0;4.318451131238403;-4.400089684148748;-0.6146018366025516
0.5;0.0;4.318451131238403;-4.400089684148748;-0.6146018366025516
0.5;0.0;4.400151441830099;-4.457753010875711;-0.6146018366025516
0.5;0.0;4.400151441830099;-4.457753010875711;-0.6146018366025516
0.5;0.0;4.441001597125947;-4.486584674239193;-0.6146018366025516
0.5;0.0;4.481851752421795;-4.515416337602675;-0.6146018366025516
0.5;0.0;4.563552063013491;-4.573079664329638;-0.6146018366025516
0.5;0.0;4.604402218309339;-4.60191132769312;-0.6146018366025516
0.5;0.0;4.645252373605187;-4.630742991056602;-0.6146018366025516
0.5;0.0;4.645252373605187;-4.630742991056602;-0.6146018366025516
0.5;0.0;4.726952684196883;-4.688406317783565;-0.6146018366025516
0.5;0.0;4.767802839492731;-4.717237981147047;-0.6146018366025516
0.5;0.0;4.808652994788579;-4.746069644510529;-0.6146018366025516
0.5;0.0;4.808652994788579;-4.746069644510529;-0.6146018366025516
0.5;0.0;4.890353305380275;-4.803732971237492;-0.6146018366025516
0.5;0.0;4.931203460676123;-4.832564634600974;-0.6146018366025516
0.5;0.0;4.972053615971971;-4.861396297964456;-0.6146018366025516
0.5;0.0;5.012903771267819;-4.890227961327938;-0.6146018366025516
0.5;0.0;5.053753926563667;-4.919059624691419;-0.6146018366025516
0.5;0.0;5.094604081859515;-4.947891288054901;-0.6146018366025516
0.5;0.0;5.135454237155363;-4.976722951418383;-0.6146018366025516
0.5;0.0;5.176304392451211;-5.005554614781865;-0.6146018366025516
0.5;0.0;5.217154547747059;-5.034386278145346;-0.6146018366025516
0.5;0.0;5.258004703042907;-5.063217941508828;-0.6146018366025516
0.5;0.0;5.298854858338755;-5.09204960487231;-0.6146018366025516
0.5;0.0;5.339705013634603;-5.120881268235792;-0.6146018366025516
0.5;0.0;5.380555168930451;-5.149712931599273;-0.6146018366025516
0.5;0.0;5.421405324226299;-5.178544594962755;-0.6146018366025516
0.5;0.0;5.421405324226299;-5.178544594962755;-0.6146018366025516
0.5;0.0;5.503105634817995;-5.236207921689719;-0.6146018366025516
0.5;0.0;5.543955790113843;-5.2650395850532;-0.6146018366025516
0.5;0.0;5.584805945409691;-5.293871248416682;-0.6146018366025516
0.5;0.0;5.584805945409691;-5.293871248416682;-0.6146018366025516
0.5;0.0;5.625656100705539;-5.322702911780164;-0.6146018366025516
0.5;0.0;5.707356411297235;-5.380366238507127;-0.6146018366025516
0.0;-1.0;5.748206566593083;-5.409197901870609;-0.6146018366025516
0.0;-1.0;5.748206566593083;-5.409197901870609;-0.7146018366025516
0.5;0.0;5.748206566593083;-5.409197901870609;-0.8146018366025516
0.5;0.0;5.782514471232036;-5.4455705245322275;-0.8146018366025516
0.5;0.0;5.81682237587099;-5.481943147193846;-0.8146018366025516
0.5;0.0;5.81682237587099;-5.481943147193846;-0.8146018366025516
0.5;0.0;5.851130280509943;-5.518315769855464;-0.8146018366025516
0.5;0.0;5.885438185148896;-5.5546883925170825;-0.8146018366025516
0.5;0.0;5.919746089787849;-5.591061015178701;-0.8146018366025516
0.5;0.0;5.954053994426802;-5.627433637840319;-0.8146018366025516
0.5;0.0;5.9883618990657554;-5.6638062605019375;-0.8146018366025516
0.5;0.0;6.056977708343662;-5.736551505825174;-0.8146018366025516
0.5;0.0;6.056977708343662;-5.736551505825174;-0.8146018366025516
0.5;0.0;6.091285612982615;-5.7729241284867925;-0.8146018366025516
0.5;0.0;6.159901422260521;-5.845669373810029;-0.8146018366025516
0.5;0.0;6.1942093268994745;-5.8820419964716475;-0.8146018366025516
0.0;-1.0;6.228517231538428;-5.918414619133266;-0.8146018366025516
0.5;0.0;6.228517231538428;-5.918414619133266;-0.9146018366025516
0.5;0.0;6.228517231538428;-5.918414619133266;-0.9146018366025516
0.5;0.0;6.289527841188438;-5.997646591910259;-0.9146018366025516
0.5;0.0;6.320033146013443;-6.037262578298756;-0.9146018366025516
0.5;0.0;6.320033146013443;-6.037262578298756;-0.9146018366025516
0.5;0.0;6.381043755663453;-6.116494551075749;-0.9146018366025516
0.5;0.0;6.411549060488458;-6.1561105374642455;-0.9146018366025516
0.5;0.0;6.442054365313463;-6.195726523852742;-0.9146018366025516
0.0;1.0;6.472559670138468;-6.235342510241239;-0.9146018366025516
0.5;0.0;6.472559670138468;-6.235342510241239;-0.9146018366025516
0.5;0.0;6.472559670138468;-6.235342510241239;-0.8146018366025516
0.5;0.0;6.541175479416374;-6.308087755564475;-0.8146018366025516
0.5;0.0;6.575483384055327;-6.344460378226094;-0.8146018366025516
0.5;0.0;6.6097912886942805;-6.380833000887712;-0.8146018366025516
0.5;0.0;6.644099193333234;-6.41720562354933;-0.8146018366025516
0.5;0.0;6.678407097972187;-6.453578246210949;-0.8146018366025516
0.5;0.0;6.678407097972187;-6.453578246210949;-0.8146018366025516
0.5;0.0;6.71271500261114;-6.489950868872567;-0.8146018366025516
0.5;0.0;6.747022907250093;-6.5263234915341855;-0.8146018366025516
0.5;0.0;6.781330811889046;-6.562696114195804;-0.8146018366025516
0.5;0.0;6.781330811889046;-6.562696114195804;-0.8146018366025516
0.5;0.0;6.849946621166953;-6.6354413595190405;-0.8146018366025516
0.5;0.0;6.884254525805906;-6.671813982180659;-0.8146018366025516
0.5;0.0;6.918562430444859;-6.708186604842277;-0.8146018366025516
0.5;0.0;6.952870335083812;-6.7445592275038955;-0.8146018366025516
0.5;0.0;6.952870335083812;-6.7445592275038955;-0.8146018366025516
0.5;0.0;7.0214861443617185;-6.817304472827132;-0.8146018366025516
0.5;0.0;7.055794049000672;-6.8536770954887505;-0.8146018366025516
0.5;0.0;7.090101953639625;-6.890049718150369;-0.8146018366025516
0.5;0.0;7.124409858278578;-6.926422340811987;-0.8146018366025516
0.5;0.0;7.158717762917531;-6.9627949634736055;-0.8146018366025516
0.5;0.0;7.158717762917531;-6.9627949634736055;-0.8146018366025516
0.5;0.0;7.193025667556484;-6.999167586135224;-0.8146018366025516
0.5;0.0;7.2273335721954375;-7.035540208796842;-0.8146018366025516
0.5;0.0;7.261641476834391;-7.0719128314584605;-0.8146018366025516
0.5;0.0;7.295949381473344;-7.108285454120079;-0.8146018366025516
0.5;0.0;7.330257286112297;-7.144658076781697;-0.8146018366025516
0.5;0.0;7.36456519075125;-7.1810306994433155;-0.8146018366025516
0.5;0.0;7.398873095390203;-7.217403322104934;-0.8146018366025516
0.5;0.0;7.4331810000291565;-7.253775944766552;-0.8146018366025516
0.5;0.0;7.501796809307063;-7.326521190089789;-0.8146018366025516
0.5;0.0;7.501796809307063;-7.326521190089789;-0.8146018366025516
0.5;0.0;7.536104713946016;-7.362893812751407;-0.8146018366025516
0.5;0.0;7.570412618584969;-7.3992664354130255;-0.8146018366025516
0.0;-1.0;7.604720523223922;-7.435639058074644;-0.8146018366025516
0.5;0.0;7.604720523223922;-7.435639058074644;-0.9146018366025516
0.5;0.0;7.635225828048927;-7.4752550444631405;-0.9146018366025516
0.5;0.0;7.635225828048927;-7.4752550444631405;-0.9146018366025516
0.5;0.0;7.665731132873932;-7.514871030851637;-0.9146018366025516
0.5;0.0;7.726741742523942;-7.59410300362863;-0.9146018366025516
0.5;0.0;7.757247047348947;-7.633718990017127;-0.9146018366025516
0.5;0.0;7.757247047348947;-7.633718990017127;-0.9146018366025516
0.5;0.0;7.8182576569989575;-7.71295096279412;-0.9146018366025516
0.5;0.0;7.8182576569989575;-7.71295096279412;-0.9146018366025516
0.5;0.0;7.8792682666489675;-7.792182935571113;-0.9146018366025516
0.5;0.0;7.8792682666489675;-7.792182935571113;-0.9146018366025516
0.5;0.0;7.9097735714739725;-7.83179892195961;-0.9146018366025516
0.5;0.0;7.970784181123983;-7.911030894736603;-0.9146018366025516
0.5;0.0;7.970784181123983;-7.911030894736603;-0.9146018366025516
0.5;0.0;8.001289485948988;-7.9506468811251;-0.9146018366025516
0.5;0.0;8.062300095598996;-8.029878853902092;-0.9146018366025516
0.5;0.0;8.062300095598996;-8.029878853902092;-0.9146018366025516
0.5;0.0;8.092805400424;-8.069494840290588;-0.9146018366025516
0.5;0.0;8.123310705249004;-8.109110826679084;-0.9146018366025516
0.5;0.0;8.153816010074008;-8.14872681306758;-0.9146018366025516
0.5;0.0;8.184321314899012;-8.188342799456075;-0.9146018366025516
0.5;0.0;8.214826619724017;-8.22795878584457;-0.9146018366025516
0.5;0.0;8.24533192454902;-8.267574772233067;-0.9146018366025516
0.5;0.0;8.306342534199029;-8.346806745010058;-0.9146018366025516
0.5;0.0;8.306342534199029;-8.346806745010058;-0.9146018366025516
0.5;0.0;8.367353143849037;-8.42603871778705;-0.9146018366025516
0.5;0.0;8.367353143849037;-8.42603871778705;-0.9146018366025516
0.5;0.0;8.428363753499045;-8.505270690564041;-0.9146018366025516
0.5;0.0;8.45886905832405;-8.544886676952537;-0.9146018366025516
0.5;0.0;8.489374363149054;-8.584502663341032;-0.9146018366025516
0.5;0.0;8.519879667974058;-8.624118649729528;-0.9146018366025516
0.5;0.0;8.580890277624066;-8.70335062250652;-0.9146018366025516
0.0;-1.0;8.61139558244907;-8.742966608895015;-0.9146018366025516
0.0;-1.0;8.61139558244907;-8.742966608895015;-0.9146018366025516
0.5;0.0;8.61139558244907;-8.742966608895015;-1.0146018366025515
0.5;0.0;8.633422330650328;-8.787853381597877;-1.1146018366025516
0.5;0.0;8.633422330650328;-8.787853381597877;-1.1146018366025516
0.5;0.0;8.677475827052843;-8.8776269270036;-1.1146018366025516
0.5;0.0;8.699502575254101;-8.922513699706462;-1.1146018366025516
0.5;0.0;8.721529323455359;-8.967400472409324;-1.1146018366025516
0.5;0.0;8.743556071656617;-9.012287245112185;-1.1146018366025516
0.5;0.0;8.765582819857874;-9.057174017815047;-1.1146018366025516
0.5;0.0;8.765582819857874;-9.057174017815047;-1.1146018366025516
0.5;0.0;8.787609568059132;-9.102060790517909;-1.1146018366025516
0.5;0.0;8.831663064461647;-9.191834335923632;-1.1146018366025516
0.5;0.0;8.853689812662905;-9.236721108626494;-1.1146018366025516
0.5;0.0;8.853689812662905;-9.236721108626494;-1.1146018366025516
0.5;0.0;8.89774330906542;-9.326494654032217;-1.1146018366025516
0.5;0.0;8.919770057266678;-9.371381426735079;-1.1146018366025516
0.5;0.0;8.919770057266678;-9.371381426735079;-1.1146018366025516
0.5;0.0;8.941796805467936;-9.41626819943794;-1.1146018366025516
0.5;0.0;8.963823553669194;-9.461154972140802;-1.1146018366025516
0.5;0.0;8.985850301870451;-9.506041744843664;-1.1146018366025516
0.0;-1.0;9.029903798272967;-9.595815290249387;-1.1146018366025516
0.5;0.0;9.029903798272967;-9.595815290249387;-1.2146018366025517
0.5;0.0;9.029903798272967;-9.595815290249387;-1.2146018366025517
0.5;0.0;9.047339304599571;-9.642676821585173;-1.2146018366025517
0.5;0.0;9.064774810926176;-9.689538352920959;-1.2146018366025517
0.5;0.0;9.064774810926176;-9.689538352920959;-1.2146018366025517
0.5;0.0;9.08221031725278;-9.736399884256745;-1.2146018366025517
0.5;0.0;9.11708132990599;-9.830122946928316;-1.2146018366025517
0.5;0.0;9.134516836232594;-9.876984478264102;-1.2146018366025517
0.5;0.0;9.134516836232594;-9.876984478264102;-1.2146018366025517
0.5;0.0;9.151952342559198;-9.923846009599888;-1.2146018366025517
0.5;0.0;9.186823355212407;-10.01756907227146;-1.2146018366025517
0.5;0.0;9.186823355212407;-10.01756907227146;-1.2146018366025517
0.5;0.0;9.204258861539012;-10.064430603607246;-1.2146018366025517
0.5;0.0;9.221694367865616;-10.111292134943032;-1.2146018366025517
0.5;0.0;9.221694367865616;-10.111292134943032;-1.2146018366025517
0.0;-1.0;9.256565380518825;-10.205015197614603;-1.2146018366025517
0.0;-1.0;9.256565380518825;-10.205015197614603;-1.2146018366025517
0.0;-1.0;9.256565380518825;-10.205015197614603;-1.414601836602552
0.5;0.0;9.256565380518825;-10.205015197614603;-1.514601836602552
0.5;0.0;9.256565380518825;-10.205015197614603;-1.514601836602552
0.5;0.0;9.262181872469561;-10.304857348123129;-1.514601836602552
0.5;0.0;9.26499011844493;-10.354778423377391;-1.514601836602552
0.5;0.0;9.267798364420297;-10.404699498631654;-1.514601836602552
0.5;0.0;9.270606610395665;-10.454620573885917;-1.514601836602552
0.5;0.0;9.270606610395665;-10.454620573885917;-1.514601836602552
0.5;0.0;9.273414856371033;-10.50454164914018;-1.514601836602552
0.5;0.0;9.27903134832177;-10.604383799648705;-1.514601836602552
0.5;0.0;9.27903134832177;-10.604383799648705;-1.514601836602552
0.5;0.0;9.281839594297137;-10.654304874902968;-1.514601836602552
0.5;0.0;9.284647840272505;-10.70422595015723;-1.514601836602552
0.5;0.0;9.284647840272505;-10.70422595015723;-1.514601836602552
0.5;0.0;9.290264332223241;-10.804068100665756;-1.514601836602552
0.5;0.0;9.290264332223241;-10.804068100665756;-1.514601836602552
0.5;0.0;9.29307257819861;-10.853989175920018;-1.514601836602552
0.5;0.0;9.298689070149345;-10.953831326428544;-1.514601836602552
0.5;0.0;9.301497316124713;-11.003752401682807;-1.514601836602552
0.5;0.0;9.301497316124713;-11.003752401682807;-1.514601836602552
0.5;0.0;9.304305562100081;-11.05367347693707;-1.514601836602552
0.5;0.0;9.309922054050817;-11.153515627445595;-1.514601836602552
0.5;0.0;9.315538546001553;-11.25335777795412;-1.514601836602552
0.5;0.0;9.315538546001553;-11.25335777795412;-1.514601836602552
0.5;0.0;9.32115503795229;-11.353199928462645;-1.514601836602552
0.5;0.0;9.323963283927657;-11.403121003716908;-1.514601836602552
0.5;0.0;9.326771529903025;-11.45304207897117;-1.514601836602552
0.5;0.0;9.329579775878393;-11.502963154225434;-1.514601836602552
0.5;0.0;9.332388021853761;-11.552884229479696;-1.514601836602552
0.5;0.0;9.33519626782913;-11.602805304733959;-1.514601836602552
0.5;0.0;9.338004513804497;-11.652726379988222;-1.514601836602552
0.5;0.0;9.340812759779865;-11.702647455242484;-1.514601836602552
0.5;0.0;9.343621005755233;-11.752568530496747;-1.514601836602552
0.5;0.0;9.343621005755233;-11.752568530496747;-1.514601836602552
0.5;0.0;9.346429251730601;-11.80248960575101;-1.514601836602552
0.5;0.0;9.34923749770597;-11.852410681005273;-1.514601836602552
0.5;0.0;9.352045743681337;-11.902331756259535;-1.514601836602552
0.5;0.0;9.354853989656705;-11.952252831513798;-1.514601836602552
0.5;0.0;9.354853989656705;-11.952252831513798;-1.514601836602552
0.5;0.0;9.357662235632073;-12.00217390676806;-1.514601836602552
0.5;0.0;9.360470481607441;-12.052094982022323;-1.514601836602552
0.5;0.0;9.36327872758281;-12.102016057276586;-1.514601836602552
0.5;0.0;9.366086973558177;-12.151937132530849;-1.514601836602552
0.5;0.0;9.366086973558177;-12.151937132530849;-1.514601836602552
0.5;0.0;9.366086973558177;-12.151937132530849;-1.514601836602552
0.5;0.0;9.371703465508913;-12.251779283039374;-1.514601836602552
0.5;0.0;9.371703465508913;-12.251779283039374;-1.514601836602552
0.5;0.0;9.37731995745965;-12.3516214335479;-1.514601836602552
0.5;0.0;9.380128203435017;-12.401542508802162;-1.514601836602552
0.5;0.0;9.382936449410385;-12.451463584056425;-1.514601836602552
0.5;0.0;9.382936449410385;-12.451463584056425;-1.514601836602552
0.5;0.0;9.388552941361121;-12.55130573456495;-1.514601836602552
0.5;0.0;9.39136118733649;-12.601226809819213;-1.514601836602552
0.5;0.0;9.39136118733649;-12.601226809819213;-1.514601836602552
0.5;0.0;9.394169433311857;-12.651147885073476;-1.514601836602552
0.5;0.0;9.396977679287225;-12.701068960327738;-1.514601836602552
0.5;0.0;9.396977679287225;-12.701068960327738;-1.514601836602552
0.5;0.0;9.402594171237961;-12.800911110836264;-1.514601836602552
0.5;0.0;9.40540241721333;-12.850832186090527;-1.514601836602552
0.5;0.0;9.408210663188697;-12.90075326134479;-1.514601836602552
0.5;0.0;9.411018909164065;-12.950674336599052;-1.514601836602552
0.5;0.0;9.411018909164065;-12.950674336599052;-1.514601836602552
0.5;0.0;9.416635401114801;-13.050516487107577;-1.514601836602552
0.5;0.0;9.41944364709017;-13.10043756236184;-1.514601836602552
0.5;0.0;9.422251893065537;-13.150358637616103;-1.514601836602552
0.5;0.0;9.422251893065537;-13.150358637616103;-1.514601836602552
0.5;0.0;9.427868385016273;-13.250200788124628;-1.514601836602552
0.5;0.0;9.430676630991641;-13.300121863378891;-1.514601836602552
0.0;1.0;9.43348487696701;-13.350042938633154;-1.514601836602552
0.5;0.0;9.43348487696701;-13.350042938633154;-1.414601836602552
0.5;0.0;9.441262884914941;-13.399434259655798;-1.414601836602552
0.5;0.0;9.449040892862874;-13.448825580678443;-1.414601836602552
0.5;0.0;9.456818900810806;-13.498216901701088;-1.414601836602552
0.5;0.0;9.464596908758738;-13.547608222723733;-1.414601836602552
0.0;1.0;9.47237491670667;-13.596999543746378;-1.414601836602552
0.5;0.0;9.47237491670667;-13.596999543746378;-1.3146018366025518
0.5;0.0;9.48504497134282;-13.645367608784344;-1.3146018366025518
0.5;0.0;9.49771502597897;-13.69373567382231;-1.3146018366025518
0.5;0.0;9.51038508061512;-13.742103738860276;-1.3146018366025518
0.5;0.0;9.52305513525127;-13.790471803898242;-1.3146018366025518
0.5;0.0;9.535725189887419;-13.838839868936208;-1.3146018366025518
0.5;0.0;9.548395244523569;-13.887207933974175;-1.3146018366025518
0.5;0.0;9.561065299159718;-13.93557599901214;-1.3146018366025518
0.5;0.0;9.573735353795868;-13.983944064050107;-1.3146018366025518
0.5;0.0;9.586405408432018;-14.032312129088073;-1.3146018366025518
0.5;0.0;9.586405408432018;-14.032312129088073;-1.3146018366025518
0.5;0.0;9.599075463068168;-14.080680194126039;-1.3146018366025518
0.5;0.0;9.611745517704318;-14.129048259164005;-1.3146018366025518
0.5;0.0;9.637085626976617;-14.225784389239937;-1.3146018366025518
0.5;0.0;9.649755681612767;-14.274152454277903;-1.3146018366025518
0.5;0.0;9.662425736248917;-14.32252051931587;-1.3146018366025518
0.5;0.0;9.675095790885067;-14.370888584353835;-1.3146018366025518
0.5;0.0;9.687765845521216;-14.419256649391802;-1.3146018366025518
0.5;0.0;9.700435900157366;-14.467624714429768;-1.3146018366025518
0.0;1.0;9.713105954793516;-14.515992779467734;-1.3146018366025518
0.0;1.0;9.713105954793516;-14.515992779467734;-1.2146018366025517
0.0;1.0;9.713105954793516;-14.515992779467734;-1.1146018366025516
0.5;0.0;9.713105954793516;-14.515992779467734;-1.1146018366025516
0.5;0.0;9.735132702994774;-14.560879552170595;-1.1146018366025516
0.5;0.0;9.735132702994774;-14.560879552170595;-1.1146018366025516
0.5;0.0;9.779186199397289;-14.650653097576319;-1.1146018366025516
0.0;1.0;9.801212947598547;-14.69553987027918;-1.1146018366025516
0.0;1.0;9.801212947598547;-14.69553987027918;-1.0146018366025515
0.5;0.0;9.801212947598547;-14.69553987027918;-0.9146018366025516
0.5;0.0;9.801212947598547;-14.69553987027918;-0.9146018366025516
0.5;0.0;9.862223557248555;-14.774771843056172;-0.9146018366025516
0.5;0.0;9.89272886207356;-14.814387829444668;-0.9146018366025516
0.5;0.0;9.89272886207356;-14.814387829444668;-0.9146018366025516
0.5;0.0;9.953739471723567;-14.893619802221659;-0.9146018366025516
0.5;0.0;9.953739471723567;-14.893619802221659;-0.9146018366025516
0.5;0.0;10.014750081373576;-14.97285177499865;-0.9146018366025516
0.5;0.0;10.04525538619858;-15.012467761387146;-0.9146018366025516
0.5;0.0;10.04525538619858;-15.012467761387146;-0.9146018366025516
0.5;0.0;10.106265995848588;-15.091699734164138;-0.9146018366025516
0.5;0.0;10.136771300673592;-15.131315720552633;-0.9146018366025516
0.5;0.0;10.136771300673592;-15.131315720552633;-0.9146018366025516
0.5;0.0;10.1977819103236;-15.210547693329625;-0.9146018366025516
0.5;0.0;10.228287215148605;-15.25016367971812;-0.9146018366025516
0.5;0.0;10.228287215148605;-15.25016367971812;-0.9146018366025516
0.5;0.0;10.258792519973609;-15.289779666106616;-0.9146018366025516
0.5;0.0;10.319803129623617;-15.369011638883608;-0.9146018366025516
0.0;1.0;10.350308434448621;-15.408627625272104;-0.9146018366025516
0.5;0.0;10.350308434448621;-15.408627625272104;-0.8146018366025516
0.5;0.0;10.350308434448621;-15.408627625272104;-0.8146018366025516
0.5;0.0;10.384616339087575;-15.445000247933722;-0.8146018366025516
0.5;0.0;10.41892424372653;-15.48137287059534;-0.8146018366025516
0.5;0.0;10.453232148365483;-15.517745493256959;-0.8146018366025516
0.5;0.0;10.521847957643391;-15.590490738580195;-0.8146018366025516
0.5;0.0;10.556155862282345;-15.626863361241814;-0.8146018366025516
0.5;0.0;10.5904637669213;-15.663235983903432;-0.8146018366025516
0.5;0.0;10.624771671560254;-15.69960860656505;-0.8146018366025516
0.5;0.0;10.624771671560254;-15.69960860656505;-0.8146018366025516
0.5;0.0;10.693387480838162;-15.772353851888287;-0.8146018366025516
0.5;0.0;10.727695385477116;-15.808726474549905;-0.8146018366025516
0.5;0.0;10.76200329011607;-15.845099097211524;-0.8146018366025516
0.5;0.0;10.796311194755024;-15.881471719873142;-0.8146018366025516
0.5;0.0;10.830619099393978;-15.91784434253476;-0.8146018366025516
