Speed;TurnRate;coordX;coordY;Yaw
0.0;1.0;0.0;2.0;0.7853981633974483
0.0;1.0;0.0;2.0;0.9853981633974482
0.0;1.0;0.0;2.0;1.0853981633974483
0.0;1.0;0.0;2.0;1.3853981633974486
0.0;1.0;0.0;2.0;1.4853981633974487
0.0;1.0;0.0;2.0;1.785398163397449
0.0;1.0;0.0;2.0;1.9853981633974491
0.0;1.0;0.0;2.0;2.185398163397449
0.0;1.0;0.0;2.0;2.3853981633974493
0.0;1.0;0.0;2.0;2.5853981633974494
0.0;1.0;0.0;2.0;2.7853981633974496
0.0;1.0;0.0;2.0;2.98539816339745
0.0;1.0;0.0;2.0;-3.0977871437821363
0.0;1.0;0.0;2.0;-2.897787143782136
0.5;0.0;0.0;2.0;-2.697787143782136
0.5;0.0;-0.09031241990646464;1.9570620586120104;-2.697787143782136
0.5;0.0;-0.1806248398129293;1.9141241172240209;-2.697787143782136
0.5;0.0;-0.2709372597193939;1.8711861758360313;-2.697787143782136
0.5;0.0;-0.3612496796258586;1.8282482344480417;-2.697787143782136
0.5;0.0;-0.45156209953232324;1.7853102930600522;-2.697787143782136
0.0;1.0;-0.5418745194387878;1.7423723516720626;-2.697787143782136
0.0;-1.0;-0.5418745194387878;1.7423723516720626;-2.3977871437821356
0.0;-1.0;-0.5418745194387878;1.7423723516720626;-2.597787143782136
0.0;-1.0;-0.5418745194387878;1.7423723516720626;-2.797787143782136
0.0;-1.0;-0.5418745194387878;1.7423723516720626;-2.997787143782136
0.5;0.0;-0.5418745194387878;1.7423723516720626;3.08539816339745
0.5;0.0;-0.6417166699473146;1.7479888436227982;3.08539816339745
0.5;0.0;-0.7415588204558413;1.7536053355735337;3.08539816339745
0.5;0.0;-0.8913220462186314;1.762030073499637;3.08539816339745
0.5;0.0;-0.9911641967271582;1.7676465654503726;3.08539816339745
0.5;0.0;-1.1409274224899484;1.776071303376476;3.08539816339745
0.5;0.0;-1.2407695729984751;1.7816877953272114;3.08539816339745
0.5;0.0;-1.2906906482527385;1.7844960413025792;3.08539816339745
0.5;0.0;-1.4404538740155286;1.7929207792286825;3.08539816339745
0.5;0.0;-1.5402960245240553;1.798537271179418;3.08539816339745
0.5;0.0;-1.640138175032582;1.8041537631301536;3.08539816339745
0.5;0.0;-1.7399803255411088;1.8097702550808892;3.08539816339745
0.5;0.0;-1.8398224760496356;1.8153867470316247;3.08539816339745
0.5;0.0;-1.9396646265581623;1.8210032389823603;3.08539816339745
0.5;0.0;-2.039506777066689;1.8266197309330958;3.08539816339745
0.5;0.0;-2.139348927575216;1.8322362228838314;3.08539816339745
0.5;0.0;-2.289112153338007;1.8406609608099347;3.08539816339745
0.5;0.0;-2.3390332285922706;1.8434692067853025;3.08539816339745
0.5;0.0;-2.388954303846534;1.8462774527606702;3.08539816339745
0.5;0.0;-2.4388753791007978;1.849085698736038;3.08539816339745
0.5;0.0;-2.538717529609325;1.8547021906867736;3.08539816339745
0.5;0.0;-2.5886386048635885;1.8575104366621413;3.08539816339745
0.5;0.0;-2.6884807553721157;1.8631269286128769;3.08539816339745
0.5;0.0;-2.788322905880643;1.8687434205636124;3.08539816339745
0.5;0.0;-2.88816505638917;1.874359912514348;3.08539816339745
0.0;1.0;-3.037928282151961;1.8827846504404513;3.08539816339745
0.0;1.0;-3.037928282151961;1.8827846504404513;-2.997787143782136
0.0;1.0;-3.037928282151961;1.8827846504404513;-2.897787143782136
0.0;1.0;-3.037928282151961;1.8827846504404513;-2.697787143782136
0.0;1.0;-3.037928282151961;1.8827846504404513;-2.4977871437821357
0.0;1.0;-3.037928282151961;1.8827846504404513;-2.3977871437821356
0.0;1.0;-3.037928282151961;1.8827846504404513;-2.1977871437821355
0.0;1.0;-3.037928282151961;1.8827846504404513;-1.9977871437821353
0.5;0.0;-3.037928282151961;1.8827846504404513;-1.797787143782135
0.5;0.0;-3.0604329376912456;1.7853498492703448;-1.797787143782135
0.5;0.0;-3.0829375932305303;1.6879150481002383;-1.797787143782135
0.5;0.0;-3.105442248769815;1.5904802469301318;-1.797787143782135
0.5;0.0;-3.1279469043090997;1.4930454457600253;-1.797787143782135
0.0;1.0;-3.139199232078742;1.444328045174972;-1.797787143782135
0.0;-1.0;-3.139199232078742;1.444328045174972;-1.597787143782135
0.0;-1.0;-3.139199232078742;1.444328045174972;-1.797787143782135
0.0;-1.0;-3.139199232078742;1.444328045174972;-2.0977871437821354
0.0;-1.0;-3.139199232078742;1.444328045174972;-2.3977871437821356
0.5;0.0;-3.139199232078742;1.444328045174972;-2.597787143782136
0.5;0.0;-3.224773824669468;1.3925884172005534;-2.597787143782136
0.5;0.0;-3.3103484172601942;1.3408487892261347;-2.597787143782136
0.5;0.0;-3.3959230098509203;1.289109161251716;-2.597787143782136
0.5;0.0;-3.4814976024416464;1.2373695332772974;-2.597787143782136
0.0;1.0;-3.5670721950323725;1.1856299053028787;-2.597787143782136
0.0;1.0;-3.5670721950323725;1.1856299053028787;-2.2977871437821356
0.0;1.0;-3.5670721950323725;1.1856299053028787;-2.0977871437821354
0.0;1.0;-3.5670721950323725;1.1856299053028787;-1.8977871437821352
0.0;1.0;-3.5670721950323725;1.1856299053028787;-1.697787143782135
0.0;1.0;-3.5670721950323725;1.1856299053028787;-1.3977871437821348
0.0;1.0;-3.5670721950323725;1.1856299053028787;-1.1977871437821346
0.5;0.0;-3.5670721950323725;1.1856299053028787;-0.9977871437821345
0.5;0.0;-3.5128558914531793;1.1016025738790571;-0.9977871437821345
0.5;0.0;-3.458639587873986;1.0175752424552356;-0.9977871437821345
0.5;0.0;-3.4315314360843896;0.9755615767433248;-0.9977871437821345
0.0;-1.0;-3.3773151325051964;0.8915342453195032;-0.9977871437821345
0.0;-1.0;-3.3773151325051964;0.8915342453195032;-1.1977871437821346
0.0;-1.0;-3.3773151325051964;0.8915342453195032;-1.3977871437821348
0.0;-1.0;-3.3773151325051964;0.8915342453195032;-1.597787143782135
0.5;0.0;-3.3773151325051964;0.8915342453195032;-1.797787143782135
0.5;0.0;-3.399819788044481;0.7940994441493969;-1.797787143782135
0.5;0.0;-3.422324443583766;0.6966646429792906;-1.797787143782135
0.5;0.0;-3.433576771353408;0.6479472423942375;-1.797787143782135
0.5;0.0;-3.456081426892693;0.5505124412241312;-1.797787143782135
0.5;0.0;-3.4785860824319776;0.45307764005402495;-1.797787143782135
0.5;0.0;-3.48983841020162;0.4043602394689718;-1.797787143782135
0.5;0.0;-3.5010907379712624;0.3556428388839187;-1.797787143782135
0.5;0.0;-3.5348477212801894;0.20949063712875926;-1.797787143782135
0.5;0.0;-3.546100049049832;0.16077323654370612;-1.797787143782135
0.5;0.0;-3.5686047045891165;0.06333843537359982;-1.797787143782135
0.5;0.0;-3.591109360128401;-0.03409636579650649;-1.797787143782135
0.5;0.0;-3.613614015667686;-0.1315311669666128;-1.797787143782135
0.5;0.0;-3.6361186712069706;-0.2289659681367191;-1.797787143782135
0.5;0.0;-3.6586233267462553;-0.3264007693068254;-1.797787143782135
0.0;1.0;-3.68112798228554;-0.42383557047693166;-1.797787143782135
0.0;1.0;-3.68112798228554;-0.42383557047693166;-1.597787143782135
0.0;1.0;-3.68112798228554;-0.42383557047693166;-1.2977871437821347
0.0;1.0;-3.68112798228554;-0.42383557047693166;-1.1977871437821346
0.5;0.0;-3.68112798228554;-0.42383557047693166;-0.9977871437821345
0.5;0.0;-3.6540198304959435;-0.46584923618884244;-0.9977871437821345
0.5;0.0;-3.5998035269167503;-0.549876567612664;-0.9977871437821345
0.5;0.0;-3.545587223337557;-0.6339038990364856;-0.9977871437821345
0.5;0.0;-3.491370919758364;-0.7179312304603072;-0.9977871437821345
0.5;0.0;-3.437154616179171;-0.8019585618841287;-0.9977871437821345
0.5;0.0;-3.3829383125999777;-0.8859858933079503;-0.9977871437821345
0.5;0.0;-3.3287220090207845;-0.9700132247317719;-0.9977871437821345
0.5;0.0;-3.2745057054415914;-1.0540405561555934;-0.9977871437821345
0.5;0.0;-3.247397553651995;-1.0960542218675042;-0.9977871437821345
0.0;-1.0;-3.1931812500728016;-1.1800815532913258;-0.9977871437821345
0.0;-1.0;-3.1931812500728016;-1.1800815532913258;-1.1977871437821346
0.0;-1.0;-3.1931812500728016;-1.1800815532913258;-1.3977871437821348
0.0;-1.0;-3.1931812500728016;-1.1800815532913258;-1.597787143782135
0.5;0.0;-3.1931812500728016;-1.1800815532913258;-1.797787143782135
0.5;0.0;-3.2156859056120863;-1.2775163544614323;-1.797787143782135
0.5;0.0;-3.238190561151371;-1.3749511556315388;-1.797787143782135
0.5;0.0;-3.2606952166906558;-1.4723859568016453;-1.797787143782135
0.5;0.0;-3.271947544460298;-1.5211033573866986;-1.797787143782135
0.5;0.0;-3.294452199999583;-1.618538158556805;-1.797787143782135
0.0;1.0;-3.3169568555388675;-1.7159729597269116;-1.797787143782135
0.0;1.0;-3.3169568555388675;-1.7159729597269116;-1.597787143782135
0.0;1.0;-3.3169568555388675;-1.7159729597269116;-1.3977871437821348
0.0;1.0;-3.3169568555388675;-1.7159729597269116;-1.1977871437821346
0.0;1.0;-3.3169568555388675;-1.7159729597269116;-1.0977871437821345
0.0;1.0;-3.3169568555388675;-1.7159729597269116;-0.8977871437821345
0.0;-1.0;-3.3169568555388675;-1.7159729597269116;-0.6977871437821346
0.0;-1.0;-3.3169568555388675;-1.7159729597269116;-0.8977871437821345
0.0;-1.0;-3.3169568555388675;-1.7159729597269116;-1.0977871437821345
0.0;-1.0;-3.3169568555388675;-1.7159729597269116;-1.3977871437821348
0.0;-1.0;-3.3169568555388675;-1.7159729597269116;-1.597787143782135
0.0;-1.0;-3.3169568555388675;-1.7159729597269116;-1.797787143782135
0.0;-1.0;-3.3169568555388675;-1.7159729597269116;-1.9977871437821353
0.0;-1.0;-3.3169568555388675;-1.7159729597269116;-2.1977871437821355
0.0;-1.0;-3.3169568555388675;-1.7159729597269116;-2.3977871437821356
0.5;0.0;-3.3169568555388675;-1.7159729597269116;-2.697787143782136
0.5;0.0;-3.3621130654920997;-1.7374419304209063;-2.697787143782136
0.5;0.0;-3.4072692754453318;-1.7589109011149011;-2.697787143782136
0.5;0.0;-3.542737905305028;-1.8233178131968855;-2.697787143782136
0.5;0.0;-3.6330503252114923;-1.866255754584875;-2.697787143782136
0.5;0.0;-3.7233627451179565;-1.9091936959728646;-2.697787143782136
0.5;0.0;-3.8136751650244207;-1.9521316373608542;-2.697787143782136
0.5;0.0;-3.903987584930885;-1.9950695787488437;-2.697787143782136
0.0;-1.0;-4.039456214790581;-2.0594764908308276;-2.697787143782136
0.0;-1.0;-4.039456214790581;-2.0594764908308276;-2.897787143782136
0.0;-1.0;-4.039456214790581;-2.0594764908308276;-3.0977871437821363
0.0;-1.0;-4.039456214790581;-2.0594764908308276;2.98539816339745
0.5;0.0;-4.039456214790581;-2.0594764908308276;2.7853981633974496
0.5;0.0;-4.1800408087979415;-2.0071699718510128;2.7853981633974496
0.5;0.0;-4.273763871469515;-1.9722989591978024;2.7853981633974496
0.5;0.0;-4.3674869341410885;-1.937427946544592;2.7853981633974496
0.5;0.0;-4.461209996812662;-1.9025569338913817;2.7853981633974496
0.0;1.0;-4.554933059484235;-1.8676859212381713;2.7853981633974496
0.0;1.0;-4.554933059484235;-1.8676859212381713;2.98539816339745
0.0;1.0;-4.554933059484235;-1.8676859212381713;-3.0977871437821363
0.5;0.0;-4.554933059484235;-1.8676859212381713;-2.897787143782136
0.5;0.0;-4.603454377682015;-1.8797557878633586;-2.897787143782136
0.5;0.0;-4.700497014077575;-1.9038955211137332;-2.897787143782136
0.5;0.0;-4.8460609686709155;-1.940105120989295;-2.897787143782136
0.5;0.0;-4.991624923264256;-1.9763147208648568;-2.897787143782136
0.5;0.0;-5.088667559659816;-2.0004544541152316;-2.897787143782136
0.5;0.0;-5.185710196055377;-2.0245941873656066;-2.897787143782136
0.5;0.0;-5.331274150648717;-2.060803787241169;-2.897787143782136
0.0;-1.0;-5.4283167870442774;-2.084943520491544;-2.897787143782136
0.0;-1.0;-5.4283167870442774;-2.084943520491544;-3.0977871437821363
0.0;-1.0;-5.4283167870442774;-2.084943520491544;2.98539816339745
0.5;0.0;-5.4283167870442774;-2.084943520491544;2.6853981633974495
0.5;0.0;-5.518090332450001;-2.0408900240890295;2.6853981633974495
0.5;0.0;-5.5629771051528625;-2.0188632758877723;2.6853981633974495
0.5;0.0;-5.652750650558586;-1.9748097794852573;2.6853981633974495
0.5;0.0;-5.742524195964309;-1.9307562830827423;2.6853981633974495
0.5;0.0;-5.8322977413700325;-1.8867027866802273;2.6853981633974495
0.5;0.0;-5.922071286775756;-1.8426492902777123;2.6853981633974495
0.5;0.0;-6.011844832181479;-1.7985957938751973;2.6853981633974495
0.0;1.0;-6.101618377587203;-1.7545422974726823;2.6853981633974495
0.0;1.0;-6.101618377587203;-1.7545422974726823;2.8853981633974497
0.0;1.0;-6.101618377587203;-1.7545422974726823;3.08539816339745
0.5;0.0;-6.101618377587203;-1.7545422974726823;-3.0977871437821363
0.5;0.0;-6.201522446794513;-1.758921447598083;-3.0977871437821363
0.5;0.0;-6.301426516001824;-1.7633005977234837;-3.0977871437821363
0.5;0.0;-6.401330585209134;-1.7676797478488844;-3.0977871437821363
0.5;0.0;-6.501234654416445;-1.772058897974285;-3.0977871437821363
0.5;0.0;-6.601138723623755;-1.7764380480996858;-3.0977871437821363
0.5;0.0;-6.701042792831066;-1.7808171982250864;-3.0977871437821363
0.5;0.0;-6.800946862038376;-1.7851963483504871;-3.0977871437821363
0.5;0.0;-6.850898896642032;-1.7873859234131875;-3.0977871437821363
0.5;0.0;-6.950802965849342;-1.7917650735385882;-3.0977871437821363
0.5;0.0;-7.050707035056653;-1.7961442236639888;-3.0977871437821363
0.5;0.0;-7.150611104263963;-1.8005233737893895;-3.0977871437821363
0.5;0.0;-7.200563138867619;-1.8027129488520899;-3.0977871437821363
0.5;0.0;-7.300467208074929;-1.8070920989774906;-3.0977871437821363
0.5;0.0;-7.40037127728224;-1.8114712491028913;-3.0977871437821363
0.5;0.0;-7.50027534648955;-1.815850399228292;-3.0977871437821363
0.5;0.0;-7.650131450300516;-1.822419124416393;-3.0977871437821363
0.5;0.0;-7.700083484904171;-1.8246086994790933;-3.0977871437821363
0.5;0.0;-7.799987554111482;-1.828987849604494;-3.0977871437821363
0.5;0.0;-7.899891623318792;-1.8333669997298947;-3.0977871437821363
0.0;1.0;-8.049747727129759;-1.8399357249179957;-3.0977871437821363
0.0;1.0;-8.049747727129759;-1.8399357249179957;-2.897787143782136
0.5;0.0;-8.049747727129759;-1.8399357249179957;-2.797787143782136
0.5;0.0;-8.143895602505573;-1.8736429580026035;-2.797787143782136
0.5;0.0;-8.285117415569294;-1.9242038076295152;-2.797787143782136
0.5;0.0;-8.379265290945108;-1.957911040714123;-2.797787143782136
0.5;0.0;-8.473413166320922;-1.9916182737987307;-2.797787143782136
0.5;0.0;-8.567561041696736;-2.025325506883339;-2.797787143782136
